  0.00000000     -0.00001230
  0.01996500     -0.00000836
  0.03993000      0.00000369
  0.05989500      0.00002576
  0.07986000      0.00006400
  0.09982500      0.00009641
  0.11979001      0.00015478
  0.13975501      0.00021129
  0.15972001      0.00027220
  0.17968501      0.00036015
  0.19965001      0.00044627
  0.21961501      0.00052849
  0.23958001      0.00063147
  0.25954501      0.00075420
  0.27951001      0.00087617
  0.29947501      0.00099223
  0.31944002      0.00111692
  0.33940502      0.00126212
  0.35937002      0.00142326
  0.37933502      0.00158680
  0.39930002      0.00174492
  0.41926502      0.00190182
  0.43923002      0.00206814
  0.45919502      0.00225110
  0.47916002      0.00244925
  0.49912502      0.00265451
  0.51909003      0.00285832
  0.53905503      0.00305698
  0.55902003      0.00325327
  0.57898503      0.00345392
  0.59895003      0.00366536
  0.61891503      0.00389020
  0.63888003      0.00412621
  0.65884503      0.00436776
  0.67881003      0.00460861
  0.69877503      0.00484455
  0.71874003      0.00507491
  0.73870504      0.00530246
  0.75867004      0.00553193
  0.77863504      0.00576797
  0.79860004      0.00601340
  0.81856504      0.00626829
  0.83853004      0.00653010
  0.85849504      0.00679462
  0.87846004      0.00705735
  0.89842504      0.00731479
  0.91839004      0.00756541
  0.93835505      0.00780984
  0.95832005      0.00805057
  0.97828505      0.00829106
  0.99825005      0.00853474
  1.01821505      0.00878412
  1.03818005      0.00904014
  1.05814505      0.00930204
  1.07811005      0.00956762
  1.09807505      0.00983377
  1.11804005      0.01009717
  1.13800506      0.01035503
  1.15797006      0.01060559
  1.17793506      0.01084841
  1.19790006      0.01108441
  1.21786506      0.01131554
  1.23783006      0.01154439
  1.25779506      0.01177361
  1.27776006      0.01200542
  1.29772506      0.01224121
  1.31769006      0.01248134
  1.33765506      0.01272509
  1.35762007      0.01297086
  1.37758507      0.01321644
  1.39755007      0.01345940
  1.41751507      0.01369745
  1.43748007      0.01392883
  1.45744507      0.01415251
  1.47741007      0.01436830
  1.49737507      0.01457690
  1.51734007      0.01477968
  1.53730507      0.01497850
  1.55727008      0.01517541
  1.57723508      0.01537238
  1.59720008      0.01557099
  1.61716508      0.01577227
  1.63713008      0.01597659
  1.65709508      0.01618361
  1.67706008      0.01639241
  1.69702508      0.01660159
  1.71699008      0.01680932
  1.73695508      0.01701369
  1.75692008      0.01721318
  1.77688509      0.01740656
  1.79685009      0.01759297
  1.81681509      0.01777209
  1.83678009      0.01794418
  1.85674509      0.01811001
  1.87671009      0.01827077
  1.89667509      0.01842793
  1.91664009      0.01858306
  1.93660509      0.01873768
  1.95657009      0.01889307
  1.97653510      0.01905023
  1.99650010      0.01920969
  2.01646510      0.01937155
  2.03643010      0.01953549
  2.05639510      0.01970075
  2.07636010      0.01986628
  2.09632510      0.02003085
  2.11629010      0.02019313
  2.13625510      0.02035186
  2.15622010      0.02050590
  2.17618511      0.02065443
  2.19615011      0.02079693
  2.21611511      0.02093323
  2.23608011      0.02106355
  2.25604511      0.02118845
  2.27601011      0.02130876
  2.29597511      0.02142555
  2.31594011      0.02153997
  2.33590511      0.02165321
  2.35587011      0.02176638
  2.37583511      0.02188041
  2.39580012      0.02199604
  2.41576512      0.02211368
  2.43573012      0.02223349
  2.45569512      0.02235530
  2.47566012      0.02247866
  2.49562512      0.02260289
  2.51559012      0.02272719
  2.53555512      0.02285060
  2.55552012      0.02297215
  2.57548512      0.02309091
  2.59545013      0.02320604
  2.61541513      0.02331690
  2.63538013      0.02342305
  2.65534513      0.02352428
  2.67531013      0.02362063
  2.69527513      0.02371240
  2.71524013      0.02380006
  2.73520513      0.02388431
  2.75517013      0.02396592
  2.77513513      0.02404578
  2.79510014      0.02412475
  2.81506514      0.02420366
  2.83503014      0.02428325
  2.85499514      0.02436410
  2.87496014      0.02444663
  2.89492514      0.02453105
  2.91489014      0.02461738
  2.93485514      0.02470543
  2.95482014      0.02479485
  2.97478514      0.02488513
  2.99475014      0.02497565
  3.01471515      0.02506572
  3.03468015      0.02515464
  3.05464515      0.02524171
  3.07461015      0.02532631
  3.09457515      0.02540793
  3.11454015      0.02548615
  3.13450515      0.02556076
  3.15447015      0.02563166
  3.17443515      0.02569895
  3.19440015      0.02576287
  3.21436516      0.02582380
  3.23433016      0.02588224
  3.25429516      0.02593875
  3.27426016      0.02599396
  3.29422516      0.02604851
  3.31419016      0.02610298
  3.33415516      0.02615794
  3.35412016      0.02621382
  3.37408516      0.02627098
  3.39405016      0.02632962
  3.41401517      0.02638984
  3.43398017      0.02645158
  3.45394517      0.02651465
  3.47391017      0.02657877
  3.49387517      0.02664355
  3.51384017      0.02670855
  3.53380517      0.02677328
  3.55377017      0.02683722
  3.57373517      0.02689992
  3.59370017      0.02696092
  3.61366517      0.02701987
  3.63363018      0.02707648
  3.65359518      0.02713058
  3.67356018      0.02718211
  3.69352518      0.02723111
  3.71349018      0.02727774
  3.73345518      0.02732223
  3.75342018      0.02736492
  3.77338518      0.02740619
  3.79335018      0.02744647
  3.81331518      0.02748620
  3.83328019      0.02752581
  3.85324519      0.02756570
  3.87321019      0.02760619
  3.89317519      0.02764756
  3.91314019      0.02769000
  3.93310519      0.02773359
  3.95307019      0.02777832
  3.97303519      0.02782411
  3.99300019      0.02787076
  4.01296519      0.02791802
  4.03293020      0.02796559
  4.05289520      0.02801312
  4.07286020      0.02806025
  4.09282520      0.02810661
  4.11279020      0.02815189
  4.13275520      0.02819580
  4.15272020      0.02823811
  4.17268520      0.02827868
  4.19265020      0.02831745
  4.21261520      0.02835443
  4.23258020      0.02838973
  4.25254521      0.02842354
  4.27251021      0.02845611
  4.29247521      0.02848777
  4.31244021      0.02851887
  4.33240521      0.02854977
  4.35237021      0.02858084
  4.37233521      0.02861243
  4.39230021      0.02864483
  4.41226521      0.02867830
  4.43223021      0.02871298
  4.45219522      0.02874896
  4.47216022      0.02878623
  4.49212522      0.02882467
  4.51209022      0.02886409
  4.53205522      0.02890422
  4.55202022      0.02894471
  4.57198522      0.02898518
  4.59195022      0.02902521
  4.61191522      0.02906438
  4.63188022      0.02910230
  4.65184522      0.02913861
  4.67181023      0.02917301
  4.69177523      0.02920531
  4.71174023      0.02923538
  4.73170523      0.02926323
  4.75167023      0.02928896
  4.77163523      0.02931281
  4.79160023      0.02933509
  4.81156523      0.02935623
  4.83153023      0.02937672
  4.85149523      0.02939712
  4.87146024      0.02941799
  4.89142524      0.02943991
  4.91139024      0.02946341
  4.93135524      0.02948898
  4.95132024      0.02951700
  4.97128524      0.02954775
  4.99125024      0.02958138
  5.01121524      0.02961789
  5.03118024      0.02965712
  5.05114524      0.02969877
  5.07111025      0.02974239
  5.09107525      0.02978742
  5.11104025      0.02983318
  5.13100525      0.02987892
  5.15097025      0.02992386
  5.17093525      0.02996721
  5.19090025      0.03000821
  5.21086525      0.03004620
  5.23083025      0.03008060
  5.25079525      0.03011102
  5.27076025      0.03013721
  5.29072526      0.03015912
  5.31069026      0.03017693
  5.33065526      0.03019100
  5.35062026      0.03020190
  5.37058526      0.03021041
  5.39055026      0.03021742
  5.41051526      0.03022398
  5.43048026      0.03023119
  5.45044526      0.03024018
  5.47041026      0.03025205
  5.49037527      0.03026782
  5.51034027      0.03028836
  5.53030527      0.03031438
  5.55027027      0.03034632
  5.57023527      0.03038439
  5.59020027      0.03042849
  5.61016527      0.03047823
  5.63013027      0.03053296
  5.65009527      0.03059177
  5.67006027      0.03065348
  5.69002528      0.03071670
  5.70999028      0.03077993
  5.72995528      0.03084162
  5.74992028      0.03090023
  5.76988528      0.03095428
  5.78985028      0.03100249
  5.80981528      0.03104382
  5.82978028      0.03107751
  5.84974528      0.03110316
  5.86971028      0.03112077
  5.88967528      0.03113073
  5.90964029      0.03113374
  5.92960529      0.03113098
  5.94957029      0.03112411
  5.96953529      0.03111498
  5.98950029      0.03110559
  6.00946529      0.03109809
  6.02943029      0.03109463
  6.04939529      0.03109728
  6.06936029      0.03110791
  6.08932529      0.03112807
  6.10929030      0.03115889
  6.12925530      0.03120104
  6.14922030      0.03125463
  6.16918530      0.03131921
  6.18915030      0.03139374
  6.20911530      0.03147663
  6.22908030      0.03156582
  6.24904530      0.03165881
  6.26901030      0.03175285
  6.28897530      0.03184501
  6.30894031      0.03193237
  6.32890531      0.03201214
  6.34887031      0.03208184
  6.36883531      0.03213950
  6.38880031      0.03218366
  6.40876531      0.03221361
  6.42873031      0.03222939
  6.44869531      0.03223185
  6.46866031      0.03222262
  6.48862531      0.03220409
  6.50859031      0.03217930
  6.52855532      0.03215179
  6.54852032      0.03212542
  6.56848532      0.03210420
  6.58845032      0.03209202
  6.60841532      0.03209246
  6.62838032      0.03210856
  6.64834532      0.03214278
  6.66831032      0.03219700
  6.68827532      0.03227107
  6.70824032      0.03236317
  6.72820533      0.03247170
  6.74817033      0.03259391
  6.76813533      0.03272591
  6.78810033      0.03286304
  6.80806533      0.03300017
  6.82803033      0.03313199
  6.84799533      0.03325333
  6.86796033      0.03335955
  6.88792533      0.03344679
  6.90789033      0.03351232
  6.92785534      0.03355471
  6.94782034      0.03357405
  6.96778534      0.03357195
  6.98775034      0.03355159
  7.00771534      0.03351752
  7.02768034      0.03347544
  7.04764534      0.03343189
  7.06761034      0.03339386
  7.08757534      0.03336825
  7.10754034      0.03336146
  7.12750534      0.03337890
  7.14747035      0.03342449
  7.16743535      0.03350041
  7.18740035      0.03360674
  7.20736535      0.03374146
  7.22733035      0.03390041
  7.24729535      0.03407758
  7.26726035      0.03426541
  7.28722535      0.03445534
  7.30719035      0.03463842
  7.32715535      0.03480598
  7.34712036      0.03495032
  7.36708536      0.03506539
  7.38705036      0.03514735
  7.40701536      0.03519496
  7.42698036      0.03520986
  7.44694536      0.03519653
  7.46691036      0.03516206
  7.48687536      0.03511571
  7.50684036      0.03506818
  7.52680536      0.03503077
  7.54677037      0.03501438
  7.56673537      0.03502857
  7.58670037      0.03508056
  7.60666537      0.03517451
  7.62663037      0.03531097
  7.64659537      0.03548665
  7.66656037      0.03569463
  7.68652537      0.03592480
  7.70649037      0.03616478
  7.72645537      0.03640101
  7.74642037      0.03662013
  7.76638538      0.03681028
  7.78635038      0.03696245
  7.80631538      0.03707151
  7.82628038      0.03713693
  7.84624538      0.03716303
  7.86621038      0.03715872
  7.88617538      0.03713668
  7.90614038      0.03711212
  7.92610538      0.03710109
  7.94607038      0.03711871
  7.96603539      0.03717729
  7.98600039      0.03728477
  8.00596539      0.03744359
  8.02593039      0.03765021
  8.04589539      0.03789534
  8.06586039      0.03816495
  8.08582539      0.03844199
  8.10579039      0.03870848
  8.12575539      0.03894794
  8.14572039      0.03914767
  8.16568539      0.03930055
  8.18565040      0.03940630
  8.20561540      0.03947165
  8.22558040      0.03950963
  8.24554540      0.03953787
  8.26551040      0.03957613
  8.28547540      0.03964345
  8.30544040      0.03975521
  8.32540540      0.03992074
  8.34537040      0.04014170
  8.36533540      0.04041166
  8.38530041      0.04071695
  8.40526541      0.04103872
  8.42523041      0.04135575
  8.44519541      0.04164793
  8.46516041      0.04189943
  8.48512541      0.04210139
  8.50509041      0.04225339
  8.52505541      0.04236374
  8.54502041      0.04244816
  8.56498541      0.04252740
  8.58495042      0.04262393
  8.60491542      0.04275831
  8.62488042      0.04294595
  8.64484542      0.04319469
  8.66481042      0.04350367
  8.68477542      0.04386369
  8.70474042      0.04425884
  8.72470542      0.04466927
  8.74467042      0.04507441
  8.76463542      0.04545612
  8.78460042      0.04580124
  8.80456543      0.04610322
  8.82453043      0.04636246
  8.84449543      0.04658560
  8.86446043      0.04678383
  8.88442543      0.04697072
  8.90439043      0.04715999
  8.92435543      0.04736367
  8.94432043      0.04759108
  8.96428543      0.04784857
  8.98425043      0.04814024
  9.00421544      0.04846899
  9.02418044      0.04883765
  9.04414544      0.04924955
  9.06411044      0.04970823
  9.08407544      0.05021601
  9.10404044      0.05077177
  9.12400544      0.05136833
  9.14397044      0.05199029
  9.16393544      0.05261303
  9.18390044      0.05320374
  9.20386545      0.05372473
  9.22383045      0.05413919
  9.24379545      0.05441878
  9.26376045      0.05455199
  9.28372545      0.05455159
  9.30369045      0.05445907
  9.32365545      0.05434379
  9.34362045      0.05429515
  9.36358545      0.05440738
  9.38355045      0.05475843
  9.40351545      0.05538665
  9.42348046      0.05627047
  9.44344546      0.05731677
  9.46341046      0.05836237
  9.48337546      0.05919075
  9.50334046      0.05956279
  9.52330546      0.05925674
  9.54327046      0.05810827
  9.56323546      0.05603642
  9.58320046      0.05303554
  9.60316546      0.04910951
  9.62313047      0.04412360
  9.64309547      0.03754914
  9.66306047      0.02806261
  9.68302547      0.01290645
  9.70299047     -0.01321311
  9.72295547     -0.06014000
  9.74292047     -0.14569291
  9.76288547     -0.29884448
  9.78285047     -0.54747197
  9.80281547     -0.84516675
  9.82278048     -0.99659120
  9.84274548     -0.89737902
  9.86271048     -0.69037131
  9.88267548     -0.50011082
  9.90264048     -0.35530255
  9.92260548     -0.24911887
  9.94257048     -0.17045742
  9.96253548     -0.11079865
  9.98250048     -0.06440629
 10.00246548     -0.02750464
 10.02243048      0.00241815
 10.04239549      0.02707041
 10.06236049      0.04764372
 10.08232549      0.06499049
 10.10229049      0.07973525
 10.12225549      0.09234592
 10.14222049      0.10318016
 10.16218549      0.11251633
 10.18215049      0.12057472
 10.20211549      0.12753232
 10.22208049      0.13353325
 10.24204550      0.13869630
 10.26201050      0.14312052
 10.28197550      0.14688931
 10.30194050      0.15007357
 10.32190550      0.15273410
 10.34187050      0.15492342
 10.36183550      0.15668725
 10.38180050      0.15806567
 10.40176550      0.15909398
 10.42173050      0.15980352
 10.44169551      0.16022225
 10.46166051      0.16037516
 10.48162551      0.16028479
 10.50159051      0.15997151
 10.52155551      0.15945380
 10.54152051      0.15874851
 10.56148551      0.15787107
 10.58145051      0.15683558
 10.60141551      0.15565507
 10.62138051      0.15434152
 10.64134551      0.15290604
 10.66131052      0.15135895
 10.68127552      0.14970980
 10.70124052      0.14796754
 10.72120552      0.14614049
 10.74117052      0.14423644
 10.76113552      0.14226270
 10.78110052      0.14022612
 10.80106552      0.13813317
 10.82103052      0.13598996
 10.84099552      0.13380241
 10.86096053      0.13157613
 10.88092553      0.12931544
 10.90089053      0.12702482
 10.92085553      0.12470932
 10.94082053      0.12237341
 10.96078553      0.12002116
 10.98075053      0.11765642
 11.00071553      0.11528286
 11.02068053      0.11290394
 11.04064553      0.11052295
 11.06061053      0.10814303
 11.08057554      0.10576713
 11.10054054      0.10339809
 11.12050554      0.10103856
 11.14047054      0.09869110
 11.16043554      0.09635811
 11.18040054      0.09404188
 11.20036554      0.09174456
 11.22033054      0.08946820
 11.24029554      0.08721476
 11.26026054      0.08498606
 11.28022555      0.08278384
 11.30019055      0.08060976
 11.32015555      0.07846535
 11.34012055      0.07635209
 11.36008555      0.07427133
 11.38005055      0.07222438
 11.40001555      0.07021246
 11.41998055      0.06823670
 11.43994555      0.06629816
 11.45991055      0.06439783
 11.47987556      0.06253665
 11.49984056      0.06071546
 11.51980556      0.05893506
 11.53977056      0.05719618
 11.55973556      0.05549949
 11.57970056      0.05384560
 11.59966556      0.05223506
 11.61963056      0.05066838
 11.63959556      0.04914600
 11.65956056      0.04766833
 11.67952556      0.04623570
 11.69949057      0.04484842
 11.71945557      0.04350673
 11.73942057      0.04221085
 11.75938557      0.04096095
 11.77935057      0.03975713
 11.79931557      0.03859949
 11.81928057      0.03748806
 11.83924557      0.03642284
 11.85921057      0.03540381
 11.87917557      0.03443089
 11.89914058      0.03350398
 11.91910558      0.03262293
 11.93907058      0.03178759
 11.95903558      0.03099774
 11.97900058      0.03025315
 11.99896558      0.02955357
 12.01893058      0.02889869
 12.03889558      0.02828822
 12.05886058      0.02772179
 12.07882558      0.02719905
 12.09879059      0.02671961
 12.11875559      0.02628303
 12.13872059      0.02588889
 12.15868559      0.02553673
 12.17865059      0.02522606
 12.19861559      0.02495639
 12.21858059      0.02472718
 12.23854559      0.02453792
 12.25851059      0.02438803
 12.27847559      0.02427694
 12.29844059      0.02420408
 12.31840560      0.02416882
 12.33837060      0.02417057
 12.35833560      0.02420867
 12.37830060      0.02428250
 12.39826560      0.02439138
 12.41823060      0.02453467
 12.43819560      0.02471167
 12.45816060      0.02492170
 12.47812560      0.02516405
 12.49809060      0.02543800
 12.51805561      0.02574283
 12.53802061      0.02607784
 12.55798561      0.02644228
 12.57795061      0.02683542
 12.59791561      0.02725650
 12.61788061      0.02770479
 12.63784561      0.02817953
 12.65781061      0.02867995
 12.67777561      0.02920530
 12.69774061      0.02975480
 12.71770562      0.03032769
 12.73767062      0.03092318
 12.75763562      0.03154052
 12.77760062      0.03217893
 12.79756562      0.03283761
 12.81753062      0.03351582
 12.83749562      0.03421275
 12.85746062      0.03492764
 12.87742562      0.03565972
 12.89739062      0.03640821
 12.91735562      0.03717234
 12.93732063      0.03795134
 12.95728563      0.03874444
 12.97725063      0.03955089
 12.99721563      0.04036991
 13.01718063      0.04120076
 13.03714563      0.04204269
 13.05711063      0.04289494
 13.07707563      0.04375678
 13.09704063      0.04462748
 13.11700563      0.04550629
 13.13697064      0.04639249
 13.15693564      0.04728537
 13.17690064      0.04818422
 13.19686564      0.04908833
 13.21683064      0.04999700
 13.23679564      0.05090955
 13.25676064      0.05182529
 13.27672564      0.05274356
 13.29669064      0.05366367
 13.31665564      0.05458499
 13.33662065      0.05550687
 13.35658565      0.05642865
 13.37655065      0.05734973
 13.39651565      0.05826947
 13.41648065      0.05918728
 13.43644565      0.06010254
 13.45641065      0.06101468
 13.47637565      0.06192311
 13.49634065      0.06282728
 13.51630565      0.06372661
 13.53627065      0.06462058
 13.55623566      0.06550863
 13.57620066      0.06639026
 13.59616566      0.06726494
 13.61613066      0.06813218
 13.63609566      0.06899150
 13.65606066      0.06984240
 13.67602566      0.07068444
 13.69599066      0.07151715
 13.71595566      0.07234011
 13.73592066      0.07315286
 13.75588567      0.07395501
 13.77585067      0.07474615
 13.79581567      0.07552589
 13.81578067      0.07629382
 13.83574567      0.07704961
 13.85571067      0.07779289
 13.87567567      0.07852332
 13.89564067      0.07924057
 13.91560567      0.07994431
 13.93557067      0.08063425
 13.95553567      0.08131008
 13.97550068      0.08197153
 13.99546568      0.08261835
 14.01543068      0.08325028
 14.03539568      0.08386708
 14.05536068      0.08446851
 14.07532568      0.08505434
 14.09529068      0.08562435
 14.11525568      0.08617837
 14.13522068      0.08671617
 14.15518568      0.08723760
 14.17515069      0.08774253
 14.19511569      0.08823082
 14.21508069      0.08870232
 14.23504569      0.08915691
 14.25501069      0.08959446
 14.27497569      0.09001487
 14.29494069      0.09041800
 14.31490569      0.09080388
 14.33487069      0.09117244
 14.35483569      0.09152361
 14.37480070      0.09185733
 14.39476570      0.09217357
 14.41473070      0.09247232
 14.43469570      0.09275356
 14.45466070      0.09301729
 14.47462570      0.09326354
 14.49459070      0.09349234
 14.51455570      0.09370370
 14.53452070      0.09389769
 14.55448570      0.09407436
 14.57445070      0.09423378
 14.59441571      0.09437601
 14.61438071      0.09450116
 14.63434571      0.09460953
 14.65431071      0.09470080
 14.67427571      0.09477533
 14.69424071      0.09483324
 14.71420571      0.09487466
 14.73417071      0.09489974
 14.75413571      0.09490864
 14.77410071      0.09490151
 14.79406572      0.09487853
 14.81403072      0.09483988
 14.83399572      0.09478576
 14.85396072      0.09471635
 14.87392572      0.09463188
 14.89389072      0.09453256
 14.91385572      0.09441859
 14.93382072      0.09429023
 14.95378572      0.09414773
 14.97375072      0.09399139
 14.99371573      0.09382160
 15.01368073      0.09363899
 15.03364573      0.09344467
 15.05361073      0.09323848
 15.07357573      0.09301650
 15.09354073      0.09278018
 15.11350573      0.09253216
 15.13347073      0.09227289
 15.15343573      0.09200248
 15.17340073      0.09172107
 15.19336573      0.09142890
 15.21333074      0.09112624
 15.23329574      0.09081336
 15.25326074      0.09049056
 15.27322574      0.09015817
 15.29319074      0.08981647
 15.31315574      0.08946580
 15.33312074      0.08910648
 15.35308574      0.08873883
 15.37305074      0.08836318
 15.39301574      0.08797985
 15.41298075      0.08758919
 15.43294575      0.08719153
 15.45291075      0.08678720
 15.47287575      0.08637654
 15.49284075      0.08595990
 15.51280575      0.08553761
 15.53277075      0.08511003
 15.55273575      0.08467748
 15.57270075      0.08424033
 15.59266575      0.08379891
 15.61263076      0.08335358
 15.63259576      0.08290468
 15.65256076      0.08245257
 15.67252576      0.08199759
 15.69249076      0.08154009
 15.71245576      0.08108044
 15.73242076      0.08061897
 15.75238576      0.08015604
 15.77235076      0.07969201
 15.79231576      0.07922722
 15.81228076      0.07876204
 15.83224577      0.07829682
 15.85221077      0.07783190
 15.87217577      0.07736765
 15.89214077      0.07690442
 15.91210577      0.07644257
 15.93207077      0.07598243
 15.95203577      0.07552438
 15.97200077      0.07506875
 15.99196577      0.07461590
 16.01193077      0.07416618
 16.03189578      0.07371994
 16.05186078      0.07327753
 16.07182578      0.07283928
 16.09179078      0.07240555
 16.11175578      0.07197667
 16.13172078      0.07155299
 16.15168578      0.07113485
 16.17165078      0.07072257
 16.19161578      0.07031649
 16.21158078      0.06991693
 16.23154579      0.06952423
 16.25151079      0.06913872
 16.27147579      0.06876070
 16.29144079      0.06839049
 16.31140579      0.06802840
 16.33137079      0.06767475
 16.35133579      0.06732984
 16.37130079      0.06699397
 16.39126579      0.06666744
 16.41123079      0.06635053
 16.43119579      0.06604355
 16.45116080      0.06574678
 16.47112580      0.06546049
 16.49109080      0.06518498
 16.51105580      0.06492051
 16.53102080      0.06466737
 16.55098580      0.06442582
 16.57095080      0.06419613
 16.59091580      0.06397856
 16.61088080      0.06377338
 16.63084580      0.06358085
 16.65081081      0.06340123
 16.67077581      0.06323478
 16.69074081      0.06308176
 16.71070581      0.06294243
 16.73067081      0.06281705
 16.75063581      0.06270588
 16.77060081      0.06260915
 16.79056581      0.06252717
 16.81053081      0.06246017
 16.83049581      0.06240844
 16.85046082      0.06237224
 16.87042582      0.06235183
 16.89039082      0.06234751
 16.91035582      0.06235953
 16.93032082      0.06238819
 16.95028582      0.06243378
 16.97025082      0.06249658
 16.99021582      0.06257690
 17.01018082      0.06267503
 17.03014582      0.06279129
 17.05011082      0.06292598
 17.07007583      0.06307944
 17.09004083      0.06325198
 17.11000583      0.06344395
 17.12997083      0.06365568
 17.14993583      0.06388752
 17.16990083      0.06413983
 17.18986583      0.06441297
 17.20983083      0.06470733
 17.22979583      0.06502328
 17.24976083      0.06536122
 17.26972584      0.06572156
 17.28969084      0.06610471
 17.30965584      0.06651110
 17.32962084      0.06694119
 17.34958584      0.06739543
 17.36955084      0.06787430
 17.38951584      0.06837829
 17.40948084      0.06890793
 17.42944584      0.06946375
 17.44941084      0.07004632
 17.46937584      0.07065622
 17.48934085      0.07129407
 17.50930585      0.07196053
 17.52927085      0.07265630
 17.54923585      0.07338210
 17.56920085      0.07413871
 17.58916585      0.07492694
 17.60913085      0.07574764
 17.62909585      0.07660175
 17.64906085      0.07749023
 17.66902585      0.07841414
 17.68899086      0.07937458
 17.70895586      0.08037274
 17.72892086      0.08140989
 17.74888586      0.08248739
 17.76885086      0.08360669
 17.78881586      0.08476933
 17.80878086      0.08597697
 17.82874586      0.08723139
 17.84871086      0.08853450
 17.86867586      0.08988833
 17.88864087      0.09129506
 17.90860587      0.09275705
 17.92857087      0.09427680
 17.94853587      0.09585703
 17.96850087      0.09750063
 17.98846587      0.09921074
 18.00843087      0.10099074
 18.02839587      0.10284421
 18.04836087      0.10477510
 18.06832587      0.10678762
 18.08829087      0.10888637
 18.10825588      0.11107628
 18.12822088      0.11336274
 18.14818588      0.11575158
 18.16815088      0.11824918
 18.18811588      0.12086245
 18.20808088      0.12359899
 18.22804588      0.12646708
 18.24801088      0.12947583
 18.26797588      0.13263522
 18.28794088      0.13595628
 18.30790589      0.13945113
 18.32787089      0.14313320
 18.34783589      0.14701741
 18.36780089      0.15112035
 18.38776589      0.15546045
 18.40773089      0.16005828
 18.42769589      0.16493683
 18.44766089      0.17012194
 18.46762589      0.17564265
 18.48759089      0.18153180
 18.50755590      0.18782658
 18.52752090      0.19456911
 18.54748590      0.20180739
 18.56745090      0.20959630
 18.58741590      0.21799882
 18.60738090      0.22708751
 18.62734590      0.23694634
 18.64731090      0.24767286
 18.66727590      0.25938106
 18.68724090      0.27220476
 18.70720590      0.28630198
 18.72717091      0.30186046
 18.74713591      0.31910472
 18.76710091      0.33830518
 18.78706591      0.35979004
 18.80703091      0.38396107
 18.82699591      0.41131456
 18.84696091      0.44246954
 18.86692591      0.47820753
 18.88689091      0.51952681
 18.90685591      0.56772093
 18.92682092      0.62449340
 18.94678592      0.69213086
 18.96675092      0.77377522
 18.98671592      0.87387641
 19.00668092      0.99901172
 19.02664592      1.15955962
 19.04661092      1.37350197
 19.06657592      1.67002706
 19.08654092      2.03293887
 19.10650592      2.47585241
 19.12647093      3.17501774
 19.14643593      4.28899628
 19.16640093      6.14337738
 19.18636593      9.45112367
 19.20633093     15.68166930
 19.22629593     26.21907958
 19.24626093     32.83389586
 19.26622593     23.62405145
 19.28619093     13.25322258
 19.30615593      7.59907158
 19.32612093      4.70394356
 19.34608594      3.12192559
 19.36605094      2.18964150
 19.38601594      1.60343642
 19.40598094      1.21487764
 19.42594594      0.94609566
 19.44591094      0.75357752
 19.46587594      0.61165917
 19.48584094      0.50449413
 19.50580594      0.42190885
 19.52577094      0.35715000
 19.54573595      0.30560349
 19.56570095      0.26403673
 19.58566595      0.23013462
 19.60563095      0.20220655
 19.62559595      0.17899644
 19.64556095      0.15955648
 19.66552595      0.14316140
 19.68549095      0.12924912
 19.70545595      0.11737901
 19.72542095      0.10720192
 19.74538596      0.09843843
 19.76535096      0.09086295
 19.78531596      0.08429171
 19.80528096      0.07857389
 19.82524596      0.07358471
 19.84521096      0.06922029
 19.86517596      0.06539353
 19.88514096      0.06203099
 19.90510596      0.05907040
 19.92507096      0.05645870
 19.94503596      0.05415048
 19.96500097      0.05210674
 19.98496597      0.05029388
 20.00493097      0.04868287
 20.02489597      0.04724860
 20.04486097      0.04596934
 20.06482597      0.04482625
 20.08479097      0.04380302
 20.10475597      0.04288558
 20.12472097      0.04206173
 20.14468597      0.04132101
 20.16465098      0.04065438
 20.18461598      0.04005414
 20.20458098      0.03951365
 20.22454598      0.03902725
 20.24451098      0.03859013
 20.26447598      0.03819811
 20.28444098      0.03784764
 20.30440598      0.03753562
 20.32437098      0.03725931
 20.34433598      0.03701626
 20.36430098      0.03680426
 20.38426599      0.03662120
 20.40423099      0.03646511
 20.42419599      0.03633401
 20.44416099      0.03622600
 20.46412599      0.03613910
 20.48409099      0.03607136
 20.50405599      0.03602078
 20.52402099      0.03598532
 20.54398599      0.03596293
 20.56395099      0.03595159
 20.58391600      0.03594925
 20.60388100      0.03595395
 20.62384600      0.03596378
 20.64381100      0.03597694
 20.66377600      0.03599177
 20.68374100      0.03600673
 20.70370600      0.03602049
 20.72367100      0.03603189
 20.74363600      0.03603999
 20.76360100      0.03604404
 20.78356601      0.03604352
 20.80353101      0.03603808
 20.82349601      0.03602757
 20.84346101      0.03601197
 20.86342601      0.03599141
 20.88339101      0.03596608
 20.90335601      0.03593626
 20.92332101      0.03590220
 20.94328601      0.03586415
 20.96325101      0.03582204
 20.98321601      0.03577603
 21.00318102      0.03572539
 21.02314602      0.03566897
 21.04311102      0.03560534
 21.06307602      0.03553317
 21.08304102      0.03545123
 21.10300602      0.03535819
 21.12297102      0.03525246
 21.14293602      0.03513219
 21.16290102      0.03499545
 21.18286602      0.03484036
 21.20283103      0.03466523
 21.22279603      0.03446875
 21.24276103      0.03425005
 21.26272603      0.03400887
 21.28269103      0.03374557
 21.30265603      0.03346110
 21.32262103      0.03315690
 21.34258603      0.03283455
 21.36255103      0.03249531
 21.38251603      0.03213944
 21.40248104      0.03176540
 21.42244604      0.03136909
 21.44241104      0.03094355
 21.46237604      0.03047981
 21.48234104      0.02997035
 21.50230604      0.02941785
 21.52227104      0.02885454
 21.54223604      0.02838392
 21.56220104      0.02827161
 21.58216604      0.02915043
 21.60213104      0.03250015
 21.62209605      0.04177697
 21.64206105      0.06478183
 21.66202605      0.11573530
 21.68199105      0.20058652
 21.70195605      0.27175906
 21.72192105      0.27845181
 21.74188605      0.24928516
 21.76185105      0.21754045
 21.78181605      0.19230603
 21.80178105      0.17347548
 21.82174606      0.15941030
 21.84171106      0.14869742
 21.86167606      0.14033915
 21.88164106      0.13366026
 21.90160606      0.12820419
 21.92157106      0.12365863
 21.94153606      0.11980690
 21.96150106      0.11649673
 21.98146606      0.11361994
 22.00143106      0.11109888
 22.02139607      0.10887723
 22.04136107      0.10691330
 22.06132607      0.10517524
 22.08129107      0.10363728
 22.10125607      0.10227690
 22.12122107      0.10107261
 22.14118607      0.10000231
 22.16115107      0.09904227
 22.18111607      0.09816650
 22.20108107      0.09734680
 22.22104607      0.09655284
 22.24101108      0.09575341
 22.26097608      0.09491705
 22.28094108      0.09401319
 22.30090608      0.09301294
 22.32087108      0.09188944
 22.34083608      0.09061722
 22.36080108      0.08917022
 22.38076608      0.08751815
 22.40073108      0.08562090
 22.42069608      0.08342195
 22.44066109      0.08084391
 22.46062609      0.07779688
 22.48059109      0.07423269
 22.50055609      0.07034097
 22.52052109      0.06707250
 22.54048609      0.06670951
 22.56045109      0.07081750
 22.58041609      0.07601150
 22.60038109      0.07826800
 22.62034609      0.07760685
 22.64031110      0.07542356
 22.66027610      0.07267810
 22.68024110      0.06984935
 22.70020610      0.06715605
 22.72017110      0.06469235
 22.74013610      0.06249285
 22.76010110      0.06056350
 22.78006610      0.05889671
 22.80003110      0.05747893
 22.81999610      0.05629448
 22.83996110      0.05532744
 22.85992611      0.05456252
 22.87989111      0.05398538
 22.89985611      0.05358266
 22.91982111      0.05334193
 22.93978611      0.05325156
 22.95975111      0.05330057
 22.97971611      0.05347854
 22.99968111      0.05377555
 23.01964611      0.05418191
 23.03961111      0.05468816
 23.05957612      0.05528554
 23.07954112      0.05596523
 23.09950612      0.05671868
 23.11947112      0.05753759
 23.13943612      0.05841394
 23.15940112      0.05933993
 23.17936612      0.06030802
 23.19933112      0.06131094
 23.21929612      0.06234170
 23.23926112      0.06339361
 23.25922612      0.06446029
 23.27919113      0.06553565
 23.29915613      0.06661393
 23.31912113      0.06768970
 23.33908613      0.06875784
 23.35905113      0.06981357
 23.37901613      0.07085240
 23.39898113      0.07187018
 23.41894613      0.07286315
 23.43891113      0.07382841
 23.45887613      0.07476294
 23.47884114      0.07566298
 23.49880614      0.07652593
 23.51877114      0.07734967
 23.53873614      0.07813228
 23.55870114      0.07887203
 23.57866614      0.07956745
 23.59863114      0.08021729
 23.61859614      0.08082054
 23.63856114      0.08137638
 23.65852614      0.08188423
 23.67849115      0.08234368
 23.69845615      0.08275451
 23.71842115      0.08311669
 23.73838615      0.08343031
 23.75835115      0.08369566
 23.77831615      0.08391312
 23.79828115      0.08408325
 23.81824615      0.08420668
 23.83821115      0.08428420
 23.85817615      0.08431666
 23.87814115      0.08430503
 23.89810616      0.08425035
 23.91807116      0.08415376
 23.93803616      0.08401643
 23.95800116      0.08383964
 23.97796616      0.08362470
 23.99793116      0.08337296
 24.01789616      0.08308585
 24.03786116      0.08276480
 24.05782616      0.08241130
 24.07779116      0.08202686
 24.09775617      0.08161300
 24.11772117      0.08117127
 24.13768617      0.08070325
 24.15765117      0.08021050
 24.17761617      0.07969461
 24.19758117      0.07915715
 24.21754617      0.07859971
 24.23751117      0.07802387
 24.25747617      0.07743120
 24.27744117      0.07682327
 24.29740618      0.07620161
 24.31737118      0.07556778
 24.33733618      0.07492328
 24.35730118      0.07426962
 24.37726618      0.07360827
 24.39723118      0.07294068
 24.41719618      0.07226830
 24.43716118      0.07159251
 24.45712618      0.07091469
 24.47709118      0.07023620
 24.49705618      0.06955834
 24.51702119      0.06888239
 24.53698619      0.06820961
 24.55695119      0.06754120
 24.57691619      0.06687835
 24.59688119      0.06622220
 24.61684619      0.06557386
 24.63681119      0.06493438
 24.65677619      0.06430481
 24.67674119      0.06368613
 24.69670619      0.06307930
 24.71667120      0.06248522
 24.73663620      0.06190478
 24.75660120      0.06133880
 24.77656620      0.06078808
 24.79653120      0.06025337
 24.81649620      0.05973537
 24.83646120      0.05923475
 24.85642620      0.05875214
 24.87639120      0.05828812
 24.89635620      0.05784325
 24.91632121      0.05741803
 24.93628621      0.05701293
 24.95625121      0.05662838
 24.97621621      0.05626477
 24.99618121      0.05592244
 25.01614621      0.05560172
 25.03611121      0.05530286
 25.05607621      0.05502611
 25.07604121      0.05477167
 25.09600621      0.05453969
 25.11597121      0.05433030
 25.13593622      0.05414360
 25.15590122      0.05397961
 25.17586622      0.05383843
 25.19583122      0.05371999
 25.21579622      0.05362426
 25.23576122      0.05355117
 25.25572622      0.05350062
 25.27569122      0.05347247
 25.29565622      0.05346656
 25.31562122      0.05348270
 25.33558623      0.05352069
 25.35555123      0.05358027
 25.37551623      0.05366119
 25.39548123      0.05376314
 25.41544623      0.05388582
 25.43541123      0.05402890
 25.45537623      0.05419201
 25.47534123      0.05437479
 25.49530623      0.05457683
 25.51527123      0.05479773
 25.53523624      0.05503706
 25.55520124      0.05529438
 25.57516624      0.05556923
 25.59513124      0.05586114
 25.61509624      0.05616964
 25.63506124      0.05649422
 25.65502624      0.05683436
 25.67499124      0.05718957
 25.69495624      0.05755935
 25.71492124      0.05794316
 25.73488624      0.05834047
 25.75485125      0.05875074
 25.77481625      0.05917343
 25.79478125      0.05960800
 25.81474625      0.06005390
 25.83471125      0.06051059
 25.85467625      0.06097752
 25.87464125      0.06145417
 25.89460625      0.06194004
 25.91457125      0.06243460
 25.93453625      0.06293728
 25.95450126      0.06344756
 25.97446626      0.06396492
 25.99443126      0.06448888
 26.01439626      0.06501892
 26.03436126      0.06555458
 26.05432626      0.06609539
 26.07429126      0.06664088
 26.09425626      0.06719061
 26.11422126      0.06774416
 26.13418626      0.06830112
 26.15415126      0.06886110
 26.17411627      0.06942371
 26.19408127      0.06998862
 26.21404627      0.07055549
 26.23401127      0.07112401
 26.25397627      0.07169391
 26.27394127      0.07226494
 26.29390627      0.07283687
 26.31387127      0.07340952
 26.33383627      0.07398273
 26.35380127      0.07455639
 26.37376628      0.07513054
 26.39373128      0.07570531
 26.41369628      0.07627975
 26.43366128      0.07685489
 26.45362628      0.07743066
 26.47359128      0.07800722
 26.49355628      0.07858484
 26.51352128      0.07916390
 26.53348628      0.07974484
 26.55345128      0.08032822
 26.57341629      0.08091473
 26.59338129      0.08150520
 26.61334629      0.08210063
 26.63331129      0.08270218
 26.65327629      0.08331127
 26.67324129      0.08392958
 26.69320629      0.08455912
 26.71317129      0.08520220
 26.73313629      0.08586148
 26.75310129      0.08654042
 26.77306629      0.08724311
 26.79303130      0.08797451
 26.81299630      0.08874064
 26.83296130      0.08954887
 26.85292630      0.09040838
 26.87289130      0.09133063
 26.89285630      0.09233033
 26.91282130      0.09342653
 26.93278630      0.09464416
 26.95275130      0.09601657
 26.97271630      0.09758940
 26.99268131      0.09942682
 27.01264631      0.10162180
 27.03261131      0.10431418
 27.05257631      0.10772413
 27.07254131      0.11221845
 27.09250631      0.11845459
 27.11247131      0.12773075
 27.13243631      0.14298063
 27.15240131      0.17229886
 27.17236631      0.24635549
 27.19233132      0.52926067
 27.21229632      0.21367037
 27.23226132      0.04871509
 27.25222632      0.04513339
 27.27219132      0.05060909
 27.29215632      0.05565669
 27.31212132      0.05963496
 27.33208632      0.06274201
 27.35205132      0.06520437
 27.37201632      0.06719124
 27.39198132      0.06882163
 27.41194633      0.07017935
 27.43191133      0.07132418
 27.45187633      0.07229963
 27.47184133      0.07313798
 27.49180633      0.07386364
 27.51177133      0.07449542
 27.53173633      0.07504799
 27.55170133      0.07553302
 27.57166633      0.07595984
 27.59163133      0.07633615
 27.61159634      0.07666865
 27.63156134      0.07696367
 27.65152634      0.07722440
 27.67149134      0.07745308
 27.69145634      0.07765355
 27.71142134      0.07782899
 27.73138634      0.07798187
 27.75135134      0.07811430
 27.77131634      0.07822810
 27.79128134      0.07832491
 27.81124635      0.07840615
 27.83121135      0.07847314
 27.85117635      0.07852703
 27.87114135      0.07856889
 27.89110635      0.07859969
 27.91107135      0.07862030
 27.93103635      0.07863155
 27.95100135      0.07863418
 27.97096635      0.07862889
 27.99093135      0.07861632
 28.01089635      0.07859708
 28.03086136      0.07857174
 28.05082636      0.07854083
 28.07079136      0.07850484
 28.09075636      0.07846423
 28.11072136      0.07841947
 28.13068636      0.07837095
 28.15065136      0.07831909
 28.17061636      0.07826426
 28.19058136      0.07820683
 28.21054636      0.07814713
 28.23051137      0.07808549
 28.25047637      0.07802223
 28.27044137      0.07795763
 28.29040637      0.07789199
 28.31037137      0.07782557
 28.33033637      0.07775864
 28.35030137      0.07769143
 28.37026637      0.07762419
 28.39023137      0.07755714
 28.41019637      0.07749050
 28.43016138      0.07742447
 28.45012638      0.07735926
 28.47009138      0.07729504
 28.49005638      0.07723201
 28.51002138      0.07717034
 28.52998638      0.07711018
 28.54995138      0.07705171
 28.56991638      0.07699507
 28.58988138      0.07694039
 28.60984638      0.07688783
 28.62981138      0.07683751
 28.64977639      0.07678956
 28.66974139      0.07674410
 28.68970639      0.07670123
 28.70967139      0.07666106
 28.72963639      0.07662370
 28.74960139      0.07658924
 28.76956639      0.07655777
 28.78953139      0.07652938
 28.80949639      0.07650415
 28.82946139      0.07648215
 28.84942640      0.07646349
 28.86939140      0.07644821
 28.88935640      0.07643638
 28.90932140      0.07642807
 28.92928640      0.07642332
 28.94925140      0.07642221
 28.96921640      0.07642478
 28.98918140      0.07643109
 29.00914640      0.07644117
 29.02911140      0.07645507
 29.04907641      0.07647284
 29.06904141      0.07649452
 29.08900641      0.07652016
 29.10897141      0.07654981
 29.12893641      0.07658350
 29.14890141      0.07662129
 29.16886641      0.07666321
 29.18883141      0.07670930
 29.20879641      0.07675963
 29.22876141      0.07681423
 29.24872641      0.07687316
 29.26869142      0.07693648
 29.28865642      0.07700424
 29.30862142      0.07707652
 29.32858642      0.07715344
 29.34855142      0.07723498
 29.36851642      0.07732117
 29.38848142      0.07741224
 29.40844642      0.07750825
 29.42841142      0.07760932
 29.44837642      0.07771556
 29.46834143      0.07782712
 29.48830643      0.07794416
 29.50827143      0.07806683
 29.52823643      0.07819533
 29.54820143      0.07832988
 29.56816643      0.07847070
 29.58813143      0.07861806
 29.60809643      0.07877223
 29.62806143      0.07893355
 29.64802643      0.07910236
 29.66799143      0.07927907
 29.68795644      0.07946412
 29.70792144      0.07965800
 29.72788644      0.07986126
 29.74785144      0.08007453
 29.76781644      0.08029850
 29.78778144      0.08053393
 29.80774644      0.08078170
 29.82771144      0.08104279
 29.84767644      0.08131829
 29.86764144      0.08160949
 29.88760645      0.08191780
 29.90757145      0.08224483
 29.92753645      0.08259242
 29.94750145      0.08296268
 29.96746645      0.08335803
 29.98743145      0.08378126
 30.00739645      0.08423560
 30.02736145      0.08472482
 30.04732645      0.08525331
 30.06729145      0.08582627
 30.08725646      0.08644980
 30.10722146      0.08713120
 30.12718646      0.08787920
 30.14715146      0.08870437
 30.16711646      0.08961961
 30.18708146      0.09064075
 30.20704646      0.09178755
 30.22701146      0.09308482
 30.24697646      0.09456426
 30.26694146      0.09626685
 30.28690646      0.09824659
 30.30687147      0.10057591
 30.32683647      0.10335427
 30.34680147      0.10672204
 30.36676647      0.11088515
 30.38673147      0.11616837
 30.40669647      0.12317355
 30.42666147      0.13240141
 30.44662647      0.14499259
 30.46659147      0.16388332
 30.48655647      0.19427992
 30.50652148      0.24901065
 30.52648648      0.36709379
 30.54645148      0.72013945
 30.56641648      2.79994101
 30.58638148      3.14678140
 30.60634648      0.52352553
 30.62631148      0.21771705
 30.64627648      0.13072930
 30.66624148      0.09041765
 30.68620648      0.07326682
 30.70617149      0.06591271
 30.72613649      0.06264360
 30.74610149      0.06126079
 30.76606649      0.06084448
 30.78603149      0.06098348
 30.80599649      0.06150258
 30.82596149      0.06236698
 30.84592649      0.06367107
 30.86589149      0.06570506
 30.88585649      0.06916659
 30.90582149      0.07574026
 30.92578650      0.08963359
 30.94575150      0.12013656
 30.96571650      0.17045195
 30.98568150      0.18953861
 31.00564650      0.16251382
 31.02561150      0.13606658
 31.04557650      0.11974447
 31.06554150      0.11002607
 31.08550650      0.10401025
 31.10547150      0.10010646
 31.12543651      0.09746159
 31.14540151      0.09560049
 31.16536651      0.09424625
 31.18533151      0.09323051
 31.20529651      0.09244709
 31.22526151      0.09182682
 31.24522651      0.09132334
 31.26519151      0.09090485
 31.28515651      0.09054906
 31.30512151      0.09024015
 31.32508652      0.08996670
 31.34505152      0.08972039
 31.36501652      0.08949516
 31.38498152      0.08928633
 31.40494652      0.08909337
 31.42491152      0.08891042
 31.44487652      0.08873717
 31.46484152      0.08857277
 31.48480652      0.08841655
 31.50477152      0.08826813
 31.52473652      0.08812732
 31.54470153      0.08799410
 31.56466653      0.08786854
 31.58463153      0.08775080
 31.60459653      0.08764107
 31.62456153      0.08753958
 31.64452653      0.08744654
 31.66449153      0.08736217
 31.68445653      0.08728665
 31.70442153      0.08722017
 31.72438653      0.08716288
 31.74435154      0.08711494
 31.76431654      0.08707655
 31.78428154      0.08704823
 31.80424654      0.08703167
 31.82421154      0.08702813
 31.84417654      0.08703186
 31.86414154      0.08704186
 31.88410654      0.08706097
 31.90407154      0.08708994
 31.92403654      0.08712876
 31.94400155      0.08717729
 31.96396655      0.08723538
 31.98393155      0.08730291
 32.00389655      0.08737973
 32.02386155      0.08746572
 32.04382655      0.08756076
 32.06379155      0.08766470
 32.08375655      0.08777743
 32.10372155      0.08789881
 32.12368655      0.08802871
 32.14365155      0.08816701
 32.16361656      0.08831358
 32.18358156      0.08846831
 32.20354656      0.08863108
 32.22351156      0.08880181
 32.24347656      0.08898038
 32.26344156      0.08916673
 32.28340656      0.08936075
 32.30337156      0.08956238
 32.32333656      0.08977160
 32.34330156      0.08998834
 32.36326657      0.09021258
 32.38323157      0.09044430
 32.40319657      0.09068348
 32.42316157      0.09093013
 32.44312657      0.09118423
 32.46309157      0.09144580
 32.48305657      0.09171486
 32.50302157      0.09199140
 32.52298657      0.09227546
 32.54295157      0.09256703
 32.56291657      0.09286612
 32.58288158      0.09317273
 32.60284658      0.09348684
 32.62281158      0.09380845
 32.64277658      0.09413750
 32.66274158      0.09447398
 32.68270658      0.09481781
 32.70267158      0.09516894
 32.72263658      0.09552728
 32.74260158      0.09589273
 32.76256658      0.09626521
 32.78253159      0.09664460
 32.80249659      0.09703076
 32.82246159      0.09742359
 32.84242659      0.09782294
 32.86239159      0.09822869
 32.88235659      0.09864070
 32.90232159      0.09905886
 32.92228659      0.09948304
 32.94225159      0.09991317
 32.96221659      0.10034917
 32.98218160      0.10079102
 33.00214660      0.10123874
 33.02211160      0.10169238
 33.04207660      0.10215210
 33.06204160      0.10261808
 33.08200660      0.10309061
 33.10197160      0.10357010
 33.12193660      0.10405707
 33.14190160      0.10455217
 33.16186660      0.10505624
 33.18183160      0.10557037
 33.20179661      0.10609607
 33.22176161      0.10663547
 33.24172661      0.10719159
 33.26169161      0.10776887
 33.28165661      0.10837395
 33.30162161      0.10901724
 33.32158661      0.10971553
 33.34155161      0.11049693
 33.36151661      0.11141053
 33.38148161      0.11254660
 33.40144662      0.11408238
 33.42141162      0.11639705
 33.44137662      0.12040291
 33.46134162      0.12870019
 33.48130662      0.15097590
 33.50127162      0.33179403
 33.52123662      1.21229599
 33.54120162      0.52893348
 33.56116662      0.22606495
 33.58113162      0.17000263
 33.60109663      0.15076477
 33.62106163      0.14206354
 33.64102663      0.13753749
 33.66099163      0.13502016
 33.68095663      0.13360346
 33.70092163      0.13284921
 33.72088663      0.13252308
 33.74085163      0.13248958
 33.76081663      0.13266539
 33.78078163      0.13299678
 33.80074663      0.13344784
 33.82071164      0.13399386
 33.84067664      0.13461751
 33.86064164      0.13530644
 33.88060664      0.13605177
 33.90057164      0.13684708
 33.92053664      0.13768775
 33.94050164      0.13857047
 33.96046664      0.13949293
 33.98043164      0.14045356
 34.00039664      0.14145137
 34.02036165      0.14248583
 34.04032665      0.14355680
 34.06029165      0.14466450
 34.08025665      0.14580936
 34.10022165      0.14699205
 34.12018665      0.14821349
 34.14015165      0.14947488
 34.16011665      0.15077765
 34.18008165      0.15212353
 34.20004665      0.15351458
 34.22001166      0.15495323
 34.23997666      0.15644235
 34.25994166      0.15798535
 34.27990666      0.15958626
 34.29987166      0.16124996
 34.31983666      0.16298248
 34.33980166      0.16479122
 34.35976666      0.16668149
 34.37973166      0.16865851
 34.39969666      0.17073679
 34.41966166      0.17292964
 34.43962667      0.17525095
 34.45959167      0.17771712
 34.47955667      0.18034740
 34.49952167      0.18316434
 34.51948667      0.18619421
 34.53945167      0.18946767
 34.55941667      0.19302050
 34.57938167      0.19689455
 34.59934667      0.20113891
 34.61931167      0.20581150
 34.63927668      0.21098101
 34.65924168      0.21672957
 34.67920668      0.22315637
 34.69917168      0.23038247
 34.71913668      0.23855762
 34.73910168      0.24786980
 34.75906668      0.25855894
 34.77903168      0.27093521
 34.79899668      0.28541264
 34.81896168      0.30254889
 34.83892669      0.32311693
 34.85889169      0.34821569
 34.87885669      0.37945334
 34.89882169      0.41926264
 34.91878669      0.47146851
 34.93875169      0.54236568
 34.95871669      0.64289740
 34.97868169      0.79339859
 34.99864669      1.03482949
 35.01861169      1.45775291
 35.03857669      2.27934359
 35.05854170      3.96664512
 35.07850670      6.16724256
 35.09847170      4.75414401
 35.11843670      2.31542066
 35.13840170      1.17302283
 35.15836670      0.64748974
 35.17833170      0.38981373
 35.19829670      0.25116946
 35.21826170      0.16657036
 35.23822670      0.10758113
 35.25819171      0.06180483
 35.27815671      0.03146943
 35.29812171      0.06162219
 35.31808671      0.25613165
 35.33805171      0.41495672
 35.35801671      0.39253033
 35.37798171      0.33684689
 35.39794671      0.29106873
 35.41791171      0.25673175
 35.43787671      0.23107141
 35.45784171      0.21191055
 35.47780672      0.19771782
 35.49777172      0.18733834
 35.51773672      0.17986031
 35.53770172      0.17456623
 35.55766672      0.17090717
 35.57763172      0.16847672
 35.59759672      0.16698285
 35.61756172      0.16621732
 35.63752672      0.16603668
 35.65749172      0.16633991
 35.67745673      0.16705518
 35.69742173      0.16812949
 35.71738673      0.16952149
 35.73735173      0.17119658
 35.75731673      0.17312365
 35.77728173      0.17527315
 35.79724673      0.17761589
 35.81721173      0.18012252
 35.83717673      0.18276335
 35.85714173      0.18550846
 35.87710674      0.18832791
 35.89707174      0.19119209
 35.91703674      0.19407205
 35.93700174      0.19693982
 35.95696674      0.19976881
 35.97693174      0.20253409
 35.99689674      0.20521272
 36.01686174      0.20778310
