  0.00000000     -0.00986105
  0.02554737     -0.01016102
  0.05109474     -0.00989020
  0.07664212     -0.00951508
  0.10218949     -0.00912879
  0.12773686     -0.00875447
  0.15328423     -0.00839877
  0.17883160     -0.00805563
  0.20437898     -0.00771734
  0.22992635     -0.00737894
  0.25547372     -0.00703141
  0.28102109     -0.00667317
  0.30656846     -0.00631833
  0.33211583     -0.00595433
  0.35766321     -0.00556698
  0.38321058     -0.00518333
  0.40875795     -0.00479522
  0.43430532     -0.00438331
  0.45985269     -0.00399221
  0.48540007     -0.00356806
  0.51094744     -0.00316880
  0.53649481     -0.00274072
  0.56204218     -0.00233822
  0.58758955     -0.00190720
  0.61313693     -0.00150574
  0.63868430     -0.00107831
  0.66423167     -0.00067170
  0.68977904     -0.00026243
  0.71532641      0.00015669
  0.74087379      0.00054669
  0.76642116      0.00096262
  0.79196853      0.00135509
  0.81751590      0.00174586
  0.84306327      0.00214967
  0.86861064      0.00252267
  0.89415802      0.00291046
  0.91970539      0.00330009
  0.94525276      0.00365840
  0.97080013      0.00403462
  0.99634750      0.00441352
  1.02189488      0.00476181
  1.04744225      0.00512155
  1.07298962      0.00548980
  1.09853699      0.00583113
  1.12408436      0.00617408
  1.14963174      0.00653209
  1.17517911      0.00686967
  1.20072648      0.00719454
  1.22627385      0.00753853
  1.25182122      0.00787890
  1.27736859      0.00819389
  1.30291597      0.00851281
  1.32846334      0.00884872
  1.35401071      0.00917134
  1.37955808      0.00947337
  1.40510545      0.00978511
  1.43065283      0.01010925
  1.45620020      0.01041779
  1.48174757      0.01071037
  1.50729494      0.01101317
  1.53284231      0.01132598
  1.55838969      0.01162425
  1.58393706      0.01190739
  1.60948443      0.01219808
  1.63503180      0.01250112
  1.66057917      0.01279384
  1.68612655      0.01306802
  1.71167392      0.01334320
  1.73722129      0.01363326
  1.76276866      0.01392293
  1.78831603      0.01419429
  1.81386340      0.01445526
  1.83941078      0.01472592
  1.86495815      0.01500672
  1.89050552      0.01527873
  1.91605289      0.01553407
  1.94160026      0.01578623
  1.96714764      0.01604935
  1.99269501      0.01631708
  2.01824238      0.01657244
  2.04378975      0.01681343
  2.06933712      0.01705494
  2.09488450      0.01730731
  2.12043187      0.01756197
  2.14597924      0.01780372
  2.17152661      0.01803103
  2.19707398      0.01825796
  2.22262136      0.01849511
  2.24816873      0.01873645
  2.27371610      0.01896722
  2.29926347      0.01918249
  2.32481084      0.01939319
  2.35035821      0.01961162
  2.37590559      0.01983647
  2.40145296      0.02005569
  2.42700033      0.02026056
  2.45254770      0.02045567
  2.47809507      0.02065375
  2.50364245      0.02085967
  2.52918982      0.02106522
  2.55473719      0.02125984
  2.58028456      0.02144090
  2.60583193      0.02161803
  2.63137931      0.02180104
  2.65692668      0.02198991
  2.68247405      0.02217433
  2.70802142      0.02234518
  2.73356879      0.02250416
  2.75911617      0.02266193
  2.78466354      0.02282619
  2.81021091      0.02299473
  2.83575828      0.02315723
  2.86130565      0.02330642
  2.88685302      0.02344452
  2.91240040      0.02358120
  2.93794777      0.02372377
  2.96349514      0.02386985
  2.98904251      0.02401040
  3.01458988      0.02413853
  3.04013726      0.02425559
  3.06568463      0.02437047
  3.09123200      0.02448989
  3.11677937      0.02461327
  3.14232674      0.02473238
  3.16787412      0.02484003
  3.19342149      0.02493574
  3.21896886      0.02502722
  3.24451623      0.02512210
  3.27006360      0.02522206
  3.29561097      0.02532069
  3.32115835      0.02540993
  3.34670572      0.02548661
  3.37225309      0.02555527
  3.39780046      0.02562423
  3.42334783      0.02569817
  3.44889521      0.02577458
  3.47444258      0.02584600
  3.49998995      0.02590617
  3.52553732      0.02595550
  3.55108469      0.02600104
  3.57663207      0.02604920
  3.60217944      0.02610176
  3.62772681      0.02615387
  3.65327418      0.02619818
  3.67882155      0.02623120
  3.70436893      0.02625588
  3.72991630      0.02627953
  3.75546367      0.02630770
  3.78101104      0.02633923
  3.80655841      0.02636861
  3.83210578      0.02638872
  3.85765316      0.02639810
  3.88320053      0.02640090
  3.90874790      0.02640396
  3.93429527      0.02641216
  3.95984264      0.02642350
  3.98539002      0.02643199
  4.01093739      0.02643159
  4.03648476      0.02642110
  4.06203213      0.02640523
  4.08757950      0.02639039
  4.11312688      0.02638038
  4.13867425      0.02637334
  4.16422162      0.02636342
  4.18976899      0.02634522
  4.21531636      0.02631784
  4.24086374      0.02628558
  4.26641111      0.02625521
  4.29195848      0.02622991
  4.31750585      0.02620839
  4.34305322      0.02618397
  4.36860059      0.02615176
  4.39414797      0.02611095
  4.41969534      0.02606501
  4.44524271      0.02602146
  4.47079008      0.02598323
  4.49633745      0.02594920
  4.52188483      0.02591416
  4.54743220      0.02587219
  4.57297957      0.02582221
  4.59852694      0.02576735
  4.62407431      0.02571370
  4.64962169      0.02566561
  4.67516906      0.02562244
  4.70071643      0.02557968
  4.72626380      0.02553120
  4.75181117      0.02547489
  4.77735855      0.02541425
  4.80290592      0.02535438
  4.82845329      0.02530017
  4.85400066      0.02525181
  4.87954803      0.02520504
  4.90509540      0.02515417
  4.93064278      0.02509611
  4.95619015      0.02503258
  4.98173752      0.02496978
  5.00728489      0.02491224
  5.03283226      0.02486123
  5.05837964      0.02481365
  5.08392701      0.02476336
  5.10947438      0.02470699
  5.13502175      0.02464544
  5.16056912      0.02458340
  5.18611650      0.02452663
  5.21166387      0.02447685
  5.23721124      0.02443148
  5.26275861      0.02438464
  5.28830598      0.02433270
  5.31385335      0.02427549
  5.33940073      0.02421738
  5.36494810      0.02416432
  5.39049547      0.02411868
  5.41604284      0.02407828
  5.44159021      0.02403824
  5.46713759      0.02399362
  5.49268496      0.02394413
  5.51823233      0.02389327
  5.54377970      0.02384715
  5.56932707      0.02380835
  5.59487445      0.02377538
  5.62042182      0.02374343
  5.64596919      0.02370806
  5.67151656      0.02366811
  5.69706393      0.02362702
  5.72261131      0.02359028
  5.74815868      0.02356164
  5.77370605      0.02353871
  5.79925342      0.02351735
  5.82480079      0.02349290
  5.85034816      0.02346431
  5.87589554      0.02343483
  5.90144291      0.02341000
  5.92699028      0.02339249
  5.95253765      0.02338108
  5.97808502      0.02337101
  6.00363240      0.02335817
  6.02917977      0.02334198
  6.05472714      0.02332583
  6.08027451      0.02331478
  6.10582188      0.02331096
  6.13136926      0.02331245
  6.15691663      0.02331458
  6.18246400      0.02331404
  6.20801137      0.02331083
  6.23355874      0.02330891
  6.25910612      0.02331279
  6.28465349      0.02332287
  6.31020086      0.02333697
  6.33574823      0.02335077
  6.36129560      0.02336207
  6.38684297      0.02337247
  6.41239035      0.02338602
  6.43793772      0.02340569
  6.46348509      0.02343049
  6.48903246      0.02345645
  6.51457983      0.02348117
  6.54012721      0.02350473
  6.56567458      0.02352961
  6.59122195      0.02355893
  6.61676932      0.02359333
  6.64231669      0.02362939
  6.66786407      0.02366536
  6.69341144      0.02370046
  6.71895881      0.02373722
  6.74450618      0.02377772
  6.77005355      0.02382227
  6.79560092      0.02386801
  6.82114830      0.02391318
  6.84669567      0.02395812
  6.87224304      0.02400585
  6.89779041      0.02405756
  6.92333778      0.02411233
  6.94888516      0.02416602
  6.97443253      0.02421771
  6.99997990      0.02426981
  7.02552727      0.02432718
  7.05107464      0.02439055
  7.07662202      0.02445503
  7.10216939      0.02451509
  7.12771676      0.02457115
  7.15326413      0.02462977
  7.17881150      0.02469721
  7.20435888      0.02477207
  7.22990625      0.02484395
  7.25545362      0.02490602
  7.28100099      0.02496346
  7.30654836      0.02502892
  7.33209573      0.02510859
  7.35764311      0.02519291
  7.38319048      0.02526557
  7.40873785      0.02532314
  7.43428522      0.02538292
  7.45983259      0.02546241
  7.48537997      0.02555693
  7.51092734      0.02564160
  7.53647471      0.02570175
  7.56202208      0.02575459
  7.58756945      0.02583122
  7.61311683      0.02593420
  7.63866420      0.02602827
  7.66421157      0.02608583
  7.68975894      0.02613184
  7.71530631      0.02621424
  7.74085369      0.02632895
  7.76640106      0.02641446
  7.79194843      0.02645154
  7.81749580      0.02650790
  7.84304317      0.02662439
  7.86859054      0.02673808
  7.89413792      0.02678378
  7.91968529      0.02680308
  7.94523266      0.02688192
  7.97078003      0.02702396
  7.99632740      0.02714531
  8.02187478      0.02718178
  8.04742215      0.02717193
  8.07296952      0.02721304
  8.09851689      0.02735007
  8.12406426      0.02752147
  8.14961164      0.02762114
  8.17515901      0.02760995
  8.20070638      0.02756301
  8.22625375      0.02759987
  8.25180112      0.02776525
  8.27734850      0.02797755
  8.30289587      0.02809875
  8.32844324      0.02806366
  8.35399061      0.02795303
  8.37953798      0.02792950
  8.40508535      0.02809005
  8.43063273      0.02836683
  8.45618010      0.02857307
  8.48172747      0.02856336
  8.50727484      0.02837458
  8.53282221      0.02821652
  8.55836959      0.02829670
  8.58391696      0.02862788
  8.60946433      0.02899303
  8.63501170      0.02911173
  8.66055907      0.02888806
  8.68610645      0.02853004
  8.71165382      0.02840196
  8.73720119      0.02870632
  8.76274856      0.02927444
  8.78829593      0.02966722
  8.81384330      0.02953321
  8.83939068      0.02895636
  8.86493805      0.02846283
  8.89048542      0.02858725
  8.91603279      0.02935562
  8.94158016      0.03018349
  8.96712754      0.03031774
  8.99267491      0.02952979
  9.01822228      0.02848947
  9.04376965      0.02827097
  9.06931702      0.02929139
  9.09486440      0.03077804
  9.12041177      0.03131277
  9.14595914      0.03012587
  9.17150651      0.02820626
  9.19705388      0.02767650
  9.22260126      0.02947470
  9.24814863      0.03208745
  9.27369600      0.03266775
  9.29924337      0.02988510
  9.32479074      0.02659855
  9.35033811      0.02728051
  9.37588549      0.03196569
  9.40143286      0.03550168
  9.42698023      0.03209399
  9.45252760      0.02472703
  9.47807497      0.02519339
  9.50362235      0.03474603
  9.52916972      0.04069975
  9.55471709      0.02818118
  9.58026446      0.01768185
  9.60581183      0.03408989
  9.63135921      0.05261787
  9.65690658      0.01716132
  9.68245395      0.01490072
  9.70800132      0.07564066
  9.73354869     -0.02162623
  9.75909607      0.05719311
  9.78464344     -0.16716949
  9.81019081     -0.76422148
  9.83573818     -0.13994890
  9.86128555     -0.06742483
  9.88683292     -0.03302577
  9.91238030     -0.01102910
  9.93792767      0.00500540
  9.96347504      0.01757044
  9.98902241      0.02787023
 10.01456978      0.03657348
 10.04011716      0.04408661
 10.06566453      0.05067579
 10.09121190      0.05652384
 10.11675927      0.06176222
 10.14230664      0.06648878
 10.16785402      0.07077836
 10.19340139      0.07468946
 10.21894876      0.07826862
 10.24449613      0.08155454
 10.27004350      0.08457927
 10.29559088      0.08736871
 10.32113825      0.08994646
 10.34668562      0.09233179
 10.37223299      0.09454166
 10.39778036      0.09659170
 10.42332773      0.09849542
 10.44887511      0.10026414
 10.47442248      0.10190963
 10.49996985      0.10344156
 10.52551722      0.10486911
 10.55106459      0.10620051
 10.57661197      0.10744375
 10.60215934      0.10860643
 10.62770671      0.10969514
 10.65325408      0.11071637
 10.67880145      0.11167655
 10.70434883      0.11258106
 10.72989620      0.11343558
 10.75544357      0.11424599
 10.78099094      0.11501629
 10.80653831      0.11575279
 10.83208568      0.11645903
 10.85763306      0.11714013
 10.88318043      0.11780070
 10.90872780      0.11844546
 10.93427517      0.11907801
 10.95982254      0.11970352
 10.98536992      0.12032539
 11.01091729      0.12094831
 11.03646466      0.12157647
 11.06201203      0.12221377
 11.08755940      0.12286446
 11.11310678      0.12353279
 11.13865415      0.12422302
 11.16420152      0.12493887
 11.18974889      0.12568504
 11.21529626      0.12646594
 11.24084364      0.12728578
 11.26639101      0.12814953
 11.29193838      0.12906180
 11.31748575      0.13002730
 11.34303312      0.13105126
 11.36858049      0.13213910
 11.39412787      0.13329627
 11.41967524      0.13452910
 11.44522261      0.13584319
 11.47076998      0.13724589
 11.49631735      0.13874354
 11.52186473      0.14034417
 11.54741210      0.14205555
 11.57295947      0.14388637
 11.59850684      0.14584577
 11.62405421      0.14794453
 11.64960159      0.15019302
 11.67514896      0.15260407
 11.70069633      0.15518987
 11.72624370      0.15796613
 11.75179107      0.16094828
 11.77733845      0.16415404
 11.80288582      0.16760365
 11.82843319      0.17131882
 11.85398056      0.17532434
 11.87952793      0.17964825
 11.90507530      0.18432096
 11.93062268      0.18937863
 11.95617005      0.19486099
 11.98171742      0.20081380
 12.00726479      0.20728964
 12.03281216      0.21434905
 12.05835954      0.22206139
 12.08390691      0.23050838
 12.10945428      0.23978404
 12.13500165      0.24999982
 12.16054902      0.26128694
 12.18609640      0.27380250
 12.21164377      0.28773200
 12.23719114      0.30330194
 12.26273851      0.32078630
 12.28828588      0.34052055
 12.31383326      0.36291998
 12.33938063      0.38850366
 12.36492800      0.41792732
 12.39047537      0.45202878
 12.41602274      0.49189413
 12.44157011      0.53895123
 12.46711749      0.59510918
 12.49266486      0.66296770
 12.51821223      0.74614180
 12.54375960      0.84977885
 12.56930697      0.98140859
 12.59485435      1.15239670
 12.62040172      1.38053130
 12.64594909      1.69485102
 12.67149646      2.14517470
 12.69704383      2.82201083
 12.72259121      3.90068581
 12.74813858      5.74229049
 12.77368595      9.10036835
 12.79923332     15.14801733
 12.82478069     22.10493863
 12.85032806     19.77885381
 12.87587544     11.72325461
 12.90142281      6.53027310
 12.92697018      3.87460451
 12.95251755      2.47165174
 12.97806492      1.67386131
 13.00361230      1.18797999
 13.02915967      0.87477849
 13.05470704      0.66339597
 13.08025441      0.51531222
 13.10580178      0.40835665
 13.13134916      0.32912905
 13.15689653      0.26918870
 13.18244390      0.22302581
 13.20799127      0.18693335
 13.23353864      0.15834871
 13.25908602      0.13546075
 13.28463339      0.11696142
 13.31018076      0.10189038
 13.33572813      0.08952936
 13.36127550      0.07933424
 13.38682287      0.07088820
 13.41237025      0.06386608
 13.43791762      0.05801400
 13.46346499      0.05312965
 13.48901236      0.04905163
 13.51455973      0.04564958
 13.54010711      0.04281725
 13.56565448      0.04046873
 13.59120185      0.03853098
 13.61674922      0.03694642
 13.64229659      0.03566497
 13.66784397      0.03464477
 13.69339134      0.03385170
 13.71893871      0.03325542
 13.74448608      0.03283136
 13.77003345      0.03255817
 13.79558083      0.03241694
 13.82112820      0.03239236
 13.84667557      0.03247049
 13.87222294      0.03263968
 13.89777031      0.03288995
 13.92331768      0.03321235
 13.94886506      0.03359882
 13.97441243      0.03404285
 13.99995980      0.03453866
 14.02550717      0.03508078
 14.05105454      0.03566440
 14.07660192      0.03628586
 14.10214929      0.03694145
 14.12769666      0.03762813
 14.15324403      0.03834322
 14.17879140      0.03908382
 14.20433878      0.03984813
 14.22988615      0.04063412
 14.25543352      0.04144029
 14.28098089      0.04226548
 14.30652826      0.04310837
 14.33207564      0.04396753
 14.35762301      0.04484283
 14.38317038      0.04573300
 14.40871775      0.04663737
 14.43426512      0.04755556
 14.45981249      0.04848755
 14.48535987      0.04943266
 14.51090724      0.05039143
 14.53645461      0.05136337
 14.56200198      0.05234851
 14.58754935      0.05334765
 14.61309673      0.05436014
 14.63864410      0.05538811
 14.66419147      0.05643069
 14.68973884      0.05748927
 14.71528621      0.05856463
 14.74083359      0.05965787
 14.76638096      0.06077060
 14.79192833      0.06190318
 14.81747570      0.06305804
 14.84302307      0.06423620
 14.86857044      0.06543951
 14.89411782      0.06667087
 14.91966519      0.06793186
 14.94521256      0.06922522
 14.97075993      0.07055447
 14.99630730      0.07192264
 15.02185468      0.07333343
 15.04740205      0.07479039
 15.07294942      0.07629955
 15.09849679      0.07786538
 15.12404416      0.07949446
 15.14959154      0.08119259
 15.17513891      0.08296799
 15.20068628      0.08483025
 15.22623365      0.08678777
 15.25178102      0.08885217
 15.27732840      0.09103734
 15.30287577      0.09335784
 15.32842314      0.09583159
 15.35397051      0.09847972
 15.37951788      0.10132451
 15.40506525      0.10439654
 15.43061263      0.10772923
 15.45616000      0.11136367
 15.48170737      0.11534989
 15.50725474      0.11974776
 15.53280211      0.12463296
 15.55834949      0.13009838
 15.58389686      0.13626195
 15.60944423      0.14327362
 15.63499160      0.15133071
 15.66053897      0.16069162
 15.68608635      0.17170674
 15.71163372      0.18485591
 15.73718109      0.20082083
 15.76272846      0.22059357
 15.78827583      0.24567215
 15.81382321      0.27841877
 15.83937058      0.32275340
 15.86491795      0.38562901
 15.89046532      0.48046924
 15.91601269      0.63630617
 15.94156006      0.92689737
 15.96710744      1.59186490
 15.99265481      3.81433011
 16.01820218     17.99567381
 16.04374955      7.62641318
 16.06929692      1.38381170
 16.09484430      0.42718141
 16.12039167      0.16443593
 16.14593904      0.06729369
 16.17148641      0.02558418
 16.19703378      0.00641820
 16.22258116     -0.00238569
 16.24812853     -0.00602818
 16.27367590     -0.00696373
 16.29922327     -0.00643791
 16.32477064     -0.00511732
 16.35031801     -0.00337354
 16.37586539     -0.00141925
 16.40141276      0.00062161
 16.42696013      0.00267660
 16.45250750      0.00470371
 16.47805487      0.00667944
 16.50360225      0.00859160
 16.52914962      0.01043483
 16.55469699      0.01220832
 16.58024436      0.01391385
 16.60579173      0.01555491
 16.63133911      0.01713573
 16.65688648      0.01866123
 16.68243385      0.02013666
 16.70798122      0.02156727
 16.73352859      0.02295886
 16.75907597      0.02431652
 16.78462334      0.02564627
 16.81017071      0.02695349
 16.83571808      0.02824456
 16.86126545      0.02952535
 16.88681282      0.03080225
 16.91236020      0.03208207
 16.93790757      0.03337176
 16.96345494      0.03467976
 16.98900231      0.03601401
 17.01454968      0.03738459
 17.04009706      0.03880241
 17.06564443      0.04028054
 17.09119180      0.04183390
 17.11673917      0.04348065
 17.14228654      0.04524218
 17.16783392      0.04714567
 17.19338129      0.04922353
 17.21892866      0.05151709
 17.24447603      0.05407851
 17.27002340      0.05697594
 17.29557078      0.06029756
 17.32111815      0.06416335
 17.34666552      0.06873639
 17.37221289      0.07424402
 17.39776026      0.08101360
 17.42330763      0.08952942
 17.44885501      0.10053309
 17.47440238      0.11521136
 17.49994975      0.13555875
 17.52549712      0.16515513
 17.55104449      0.21097588
 17.57659187      0.28820763
 17.60213924      0.43567939
 17.62768661      0.78262111
 17.65323398      2.11948441
 17.67878135      6.39337783
 17.70432873     15.68485689
 17.72987610      2.40472291
 17.75542347      0.83070245
 17.78097084      0.41971773
 17.80651821      0.25837906
 17.83206559      0.17981616
 17.85761296      0.13615883
 17.88316033      0.10964692
 17.90870770      0.09249432
 17.93425507      0.08086443
 17.95980244      0.07269227
 17.98534982      0.06678994
 18.01089719      0.06243578
 18.03644456      0.05917193
 18.06199193      0.05669639
 18.08753930      0.05480462
 18.11308668      0.05335353
 18.13863405      0.05224030
 18.16418142      0.05139081
 18.18972879      0.05074963
 18.21527616      0.05027550
 18.24082354      0.04993607
 18.26637091      0.04970782
 18.29191828      0.04957150
 18.31746565      0.04951245
 18.34301302      0.04951856
 18.36856039      0.04958068
 18.39410777      0.04969061
 18.41965514      0.04984218
 18.44520251      0.05003003
 18.47074988      0.05024949
 18.49629725      0.05049734
 18.52184463      0.05077023
 18.54739200      0.05106576
 18.57293937      0.05138223
 18.59848674      0.05171839
 18.62403411      0.05207334
 18.64958149      0.05244595
 18.67512886      0.05283608
 18.70067623      0.05324262
 18.72622360      0.05366590
 18.75177097      0.05410488
 18.77731835      0.05455973
 18.80286572      0.05502994
 18.82841309      0.05551501
 18.85396046      0.05601508
 18.87950783      0.05653068
 18.90505520      0.05706234
 18.93060258      0.05761040
 18.95614995      0.05817612
 18.98169732      0.05876062
 19.00724469      0.05936550
 19.03279206      0.05999202
 19.05833944      0.06064153
 19.08388681      0.06131564
 19.10943418      0.06201638
 19.13498155      0.06274490
 19.16052892      0.06350368
 19.18607630      0.06429493
 19.21162367      0.06512092
 19.23717104      0.06598540
 19.26271841      0.06689281
 19.28826578      0.06784768
 19.31381316      0.06885730
 19.33936053      0.06992779
 19.36490790      0.07106893
 19.39045527      0.07229060
 19.41600264      0.07360596
 19.44155001      0.07503063
 19.46709739      0.07658296
 19.49264476      0.07828738
 19.51819213      0.08017489
 19.54373950      0.08228598
 19.56928687      0.08467646
 19.59483425      0.08742245
 19.62038162      0.09063419
 19.64592899      0.09447322
 19.67147636      0.09919047
 19.69702373      0.10519583
 19.72257111      0.11320606
 19.74811848      0.12460874
 19.77366585      0.14247510
 19.79921322      0.17527214
 19.82476059      0.25790189
 19.85030797      0.87906645
 19.87585534      1.88955360
 19.90140271     -0.06055433
 19.92695008     -0.01055466
 19.95249745      0.01418560
 19.97804482      0.02917818
 20.00359220      0.03956414
 20.02913957      0.04746082
 20.05468694      0.05390361
 20.08023431      0.05946827
 20.10578168      0.06450787
 20.13132906      0.06926213
 20.15687643      0.07391035
 20.18242380      0.07860126
 20.20797117      0.08347161
 20.23351854      0.08866239
 20.25906592      0.09433220
 20.28461329      0.10067639
 20.31016066      0.10795083
 20.33570803      0.11650847
 20.36125540      0.12686576
 20.38680277      0.13981758
 20.41235015      0.15666318
 20.43789752      0.17969635
 20.46344489      0.21338710
 20.48899226      0.26778130
 20.51453963      0.37108988
 20.54008701      0.64602640
 20.56563438      3.09103574
 20.59118175     -0.76718847
 20.61672912     -0.34455381
 20.64227649     -0.20828283
 20.66782387     -0.14220405
 20.69337124     -0.10321944
 20.71891861     -0.07748148
 20.74446598     -0.05920639
 20.77001335     -0.04555190
 20.79556073     -0.03495968
 20.82110810     -0.02650335
 20.84665547     -0.01959487
 20.87220284     -0.01384374
 20.89775021     -0.00897967
 20.92329758     -0.00481000
 20.94884496     -0.00118792
 20.97439233      0.00198212
 20.99993970      0.00477942
 21.02548707      0.00725471
 21.05103444      0.00944261
 21.07658182      0.01136363
 21.10212919      0.01303548
 21.12767656      0.01447934
 21.15322393      0.01572726
 21.17877130      0.01682537
 21.20431868      0.01782415
 21.22986605      0.01876107
 21.25541342      0.01962839
 21.28096079      0.02035111
 21.30650816      0.02079669
 21.33205554      0.02084193
 21.35760291      0.02048280
 21.38315028      0.01994265
 21.40869765      0.01968153
 21.43424502      0.02007652
 21.45979239      0.02058849
 21.48533977      0.01920749
 21.51088714      0.01372841
 21.53643451      0.00455622
 21.56198188      0.00020493
 21.58752925      0.01524751
 21.61307663     -0.00052364
 21.63862400     -0.14536313
 21.66417137      0.66977896
 21.68971874      0.60215603
 21.71526611      0.28539154
 21.74081349      0.21568553
 21.76636086      0.18338156
 21.79190823      0.16414248
 21.81745560      0.15116849
 21.84300297      0.14174091
 21.86855035      0.13453449
 21.89409772      0.12880935
 21.91964509      0.12411690
 21.94519246      0.12017342
 21.97073983      0.11680735
 21.99628720      0.11392507
 22.02183458      0.11147366
 22.04738195      0.10939753
 22.07292932      0.10760072
 22.09847669      0.10592948
 22.12402406      0.10420973
 22.14957144      0.10235360
 22.17511881      0.10049526
 22.20066618      0.09903610
 22.22621355      0.09842910
 22.25176092      0.09872560
 22.27730830      0.09912596
 22.30285567      0.09793246
 22.32840304      0.09385980
 22.35395041      0.08951600
 22.37949778      0.09164876
 22.40504515      0.10231671
 22.43059253      0.10589985
 22.45613990      0.06300868
 22.48168727      0.11492266
 22.50723464     -0.38189998
 22.53278201     -0.01974861
 22.55832939      0.02706693
 22.58387676      0.04965747
 22.60942413      0.06399228
 22.63497150      0.07420471
 22.66051887      0.08194238
 22.68606625      0.08802288
 22.71161362      0.09291362
 22.73716099      0.09690564
 22.76270836      0.10019660
 22.78825573      0.10292661
 22.81380311      0.10520007
 22.83935048      0.10709690
 22.86489785      0.10868044
 22.89044522      0.11000293
 22.91599259      0.11110664
 22.94153996      0.11202723
 22.96708734      0.11279497
 22.99263471      0.11343533
 23.01818208      0.11397119
 23.04372945      0.11442162
 23.06927682      0.11480262
 23.09482420      0.11512975
 23.12037157      0.11541560
 23.14591894      0.11567135
 23.17146631      0.11590428
 23.19701368      0.11612543
 23.22256106      0.11634050
 23.24810843      0.11655440
 23.27365580      0.11677411
 23.29920317      0.11700269
 23.32475054      0.11724330
 23.35029792      0.11749897
 23.37584529      0.11777205
 23.40139266      0.11806363
 23.42694003      0.11837587
 23.45248740      0.11870764
 23.47803477      0.11906086
 23.50358215      0.11943481
 23.52912952      0.11982886
 23.55467689      0.12024313
 23.58022426      0.12067694
 23.60577163      0.12112860
 23.63131901      0.12159717
 23.65686638      0.12208193
 23.68241375      0.12258135
 23.70796112      0.12309430
 23.73350849      0.12361867
 23.75905587      0.12415346
 23.78460324      0.12469755
 23.81015061      0.12524943
 23.83569798      0.12580596
 23.86124535      0.12636855
 23.88679273      0.12693429
 23.91234010      0.12750158
 23.93788747      0.12806879
 23.96343484      0.12863558
 23.98898221      0.12920024
 24.01452958      0.12976142
 24.04007696      0.13031797
 24.06562433      0.13086772
 24.09117170      0.13141090
 24.11671907      0.13194379
 24.14226644      0.13246417
 24.16781382      0.13297031
 24.19336119      0.13345526
 24.21890856      0.13391001
 24.24445593      0.13431358
 24.27000330      0.13462645
 24.29555068      0.14738213
 24.32109805      0.14256952
 24.34664542      0.13791705
 24.37219279      0.13783998
 24.39774016      0.13809543
 24.42328753      0.13843890
 24.44883491      0.13881348
 24.47438228      0.13919847
 24.49992965      0.13958775
 24.52547702      0.13997452
 24.55102439      0.14035806
 24.57657177      0.14073511
 24.60211914      0.14110693
 24.62766651      0.14147160
 24.65321388      0.14183054
 24.67876125      0.14218335
 24.70430863      0.14252927
 24.72985600      0.14286918
 24.75540337      0.14320360
 24.78095074      0.14353208
 24.80649811      0.14385613
 24.83204549      0.14417530
 24.85759286      0.14448998
 24.88314023      0.14480138
 24.90868760      0.14511042
 24.93423497      0.14541642
 24.95978234      0.14572114
 24.98532972      0.14602386
 25.01087709      0.14632691
 25.03642446      0.14663001
 25.06197183      0.14693367
 25.08751920      0.14724007
 25.11306658      0.14754914
 25.13861395      0.14786190
 25.16416132      0.14817946
 25.18970869      0.14850228
 25.21525606      0.14883169
 25.24080344      0.14916913
 25.26635081      0.14951425
 25.29189818      0.14987136
 25.31744555      0.15023918
 25.34299292      0.15062078
 25.36854030      0.15101610
 25.39408767      0.15142823
 25.41963504      0.15185709
 25.44518241      0.15230570
 25.47072978      0.15277526
 25.49627715      0.15326794
 25.52182453      0.15378726
 25.54737190      0.15433463
 25.57291927      0.15490991
 25.59846664      0.15551950
 25.62401401      0.15616460
 25.64956139      0.15684894
 25.67510876      0.15757457
 25.70065613      0.15834626
 25.72620350      0.15916720
 25.75175087      0.16004277
 25.77729825      0.16097545
 25.80284562      0.16197206
 25.82839299      0.16303713
 25.85394036      0.16417698
 25.87948773      0.16539838
 25.90503511      0.16671011
 25.93058248      0.16811836
 25.95612985      0.16963313
 25.98167722      0.17126477
 26.00722459      0.17302589
 26.03277196      0.17492963
 26.05831934      0.17699069
 26.08386671      0.17922743
 26.10941408      0.18165951
 26.13496145      0.18431066
 26.16050882      0.18720898
 26.18605620      0.19038711
 26.21160357      0.19388499
 26.23715094      0.19774555
 26.26269831      0.20202854
 26.28824568      0.20680047
 26.31379306      0.21214638
 26.33934043      0.21817211
 26.36488780      0.22501089
 26.39043517      0.23283077
 26.41598254      0.24185525
 26.44152991      0.25237434
 26.46707729      0.26478384
 26.49262466      0.27962560
 26.51817203      0.29766594
 26.54371940      0.32001865
 26.56926677      0.34835656
 26.59481415      0.38530009
 26.62036152      0.43516234
 26.64590889      0.50547654
 26.67145626      0.61045462
 26.69700363      0.77975048
 26.72255101      1.08423813
 26.74809838      1.72940332
 26.77364575      3.49811580
 26.79919312      9.96842530
 26.82474049     10.28480883
 26.85028787      2.75074751
 26.87583524      1.03774041
 26.90138261      0.52879144
 26.92692998      0.32908075
 26.95247735      0.23647337
 26.97802472      0.18898455
 27.00357210      0.16318970
 27.02911947      0.14885985
 27.05466684      0.14103514
 27.08021421      0.13710526
 27.10576158      0.13561977
 27.13130896      0.13572512
 27.15685633      0.13690447
 27.18240370      0.13882958
 27.20795107      0.14129251
 27.23349844      0.14416243
 27.25904582      0.14734238
 27.28459319      0.15077633
 27.31014056      0.15442883
 27.33568793      0.15827543
 27.36123530      0.16231285
 27.38678268      0.16651836
 27.41233005      0.17090385
 27.43787742      0.17547510
 27.46342479      0.18024302
 27.48897216      0.18522330
 27.51451953      0.19043605
 27.54006691      0.19590139
 27.56561428      0.20165069
 27.59116165      0.20771899
 27.61670902      0.21414133
 27.64225639      0.22096849
 27.66780377      0.22825684
 27.69335114      0.23607358
 27.71889851      0.24450144
 27.74444588      0.25364227
 27.76999325      0.26361711
 27.79554063      0.27457805
 27.82108800      0.28671836
 27.84663537      0.30028083
 27.87218274      0.31557857
 27.89773011      0.33301859
 27.92327748      0.35314240
 27.94882486      0.37668362
 27.97437223      0.40465246
 27.99991960      0.43846820
 28.02546697      0.48019478
 28.05101434      0.53290270
 28.07656172      0.60134276
 28.10210909      0.69316666
 28.12765646      0.82131523
 28.15320383      1.00903588
 28.17875120      1.30119390
 28.20429858      1.79228463
 28.22984595      2.70235502
 28.25539332      4.59200795
 28.28094069      8.71103390
 28.30648806     13.58370923
 28.33203544      9.78942875
 28.35758281      4.99483109
 28.38313018      2.79589958
 28.40867755      1.92940157
 28.43422492      1.27343788
 28.45977229      0.98598151
 28.48531967      0.81521310
 28.51086704      0.70687712
 28.53641441      0.63571292
 28.56196178      0.58802969
 28.58750915      0.55592531
 28.61305653      0.53461847
 28.63860390      0.52110553
 28.66415127      0.51388888
 28.68969864      0.50934994
 28.71524601      0.50908268
 28.74079339      0.51189338
 28.76634076      0.51695603
 28.79188813      0.52396186
 28.81743550      0.53264201
 28.84298287      0.54280925
 28.86853025      0.55431898
 28.89407762      0.56703098
 28.91962499      0.58084971
 28.94517236      0.59568585
 28.97071973      0.61145447
 28.99626710      0.62807987
 29.02181448      0.64547191
 29.04736185      0.66354991
 29.07290922      0.68220547
 29.09845659      0.70133198
 29.12400396      0.72079515
 29.14955134      0.74045722
 29.17509871      0.76013205
 29.20064608      0.77963532
 29.22619345      0.79875210
 29.25174082      0.81723381
 29.27728820      0.83482081
 29.30283557      0.85123326
 29.32838294      0.86616911
 29.35393031      0.87932800
 29.37947768      0.89040913
 29.40502506      0.89911937
 29.43057243      0.90519489
 29.45611980      0.90840662
 29.48166717      0.90857321
 29.50721454      0.90556592
 29.53276191      0.89932167
 29.55830929      0.88985798
 29.58385666      0.87725056
 29.60940403      0.86164883
 29.63495140      0.84326290
 29.66049877      0.82236562
 29.68604615      0.79924570
 29.71159352      0.77424699
 29.73714089      0.74772096
 29.76268826      0.71999323
 29.78823563      0.69142869
 29.81378301      0.66232363
 29.83933038      0.63298314
 29.86487775      0.60365489
 29.89042512      0.57457255
 29.91597249      0.54592183
 29.94151986      0.51786265
 29.96706724      0.49050630
 29.99261461      0.46394499
 30.01816198      0.43824134
 30.04370935      0.41342486
 30.06925672      0.38950589
 30.09480410      0.36647500
 30.12035147      0.34429892
 30.14589884      0.32292603
 30.17144621      0.30229471
 30.19699358      0.28230396
 30.22254096      0.26284467
 30.24808833      0.24376652
 30.27363570      0.22486725
 30.29918307      0.20589925
 30.32473044      0.18651870
 30.35027782      0.16635484
 30.37582519      0.14521919
 30.40137256      0.12485622
 30.42691993      0.12349099
 30.45246730      0.44806688
 30.47801467      5.08573393
 30.50356205      0.75556247
 30.52910942      0.42907278
 30.55465679      0.31045464
 30.58020416      0.25674825
 30.60575153      0.22356732
 30.63129891      0.20040859
 30.65684628      0.18293585
 30.68239365      0.16907162
 30.70794102      0.15759063
 30.73348839      0.14758927
 30.75903577      0.13827058
 30.78458314      0.12909095
 30.81013051      0.12043945
 30.83567788      0.11493384
 30.86122525      0.11667760
 30.88677263      0.11544484
 30.91232000      0.06739467
 30.93786737      0.32749589
 30.96341474      0.29125659
 30.98896211      0.22973868
 31.01450948      0.19861333
 31.04005686      0.17843416
 31.06560423      0.16357309
 31.09115160      0.15179944
 31.11669897      0.14201903
 31.14224634      0.13363122
 31.16779372      0.12626934
 31.19334109      0.11969639
 31.21888846      0.11375133
 31.24443583      0.10832120
 31.26998320      0.10332543
 31.29553058      0.09869878
 31.32107795      0.09439645
 31.34662532      0.09038409
 31.37217269      0.08662939
 31.39772006      0.08311318
 31.42326744      0.07981490
 31.44881481      0.07672191
 31.47436218      0.07382173
 31.49990955      0.07110343
 31.52545692      0.06855865
 31.55100429      0.06618151
 31.57655167      0.06396578
 31.60209904      0.06190727
 31.62764641      0.06000153
 31.65319378      0.05824492
 31.67874115      0.05663500
 31.70428853      0.05516925
 31.72983590      0.05384558
 31.75538327      0.05266153
 31.78093064      0.05161638
 31.80647801      0.05070887
 31.83202539      0.04993695
 31.85757276      0.04930084
 31.88312013      0.04879900
 31.90866750      0.04843122
 31.93421487      0.04819684
 31.95976224      0.04809562
 31.98530962      0.04812729
 32.01085699      0.04829154
 32.03640436      0.04858880
 32.06195173      0.04901899
 32.08749910      0.04958251
 32.11304648      0.05027968
 32.13859385      0.05111058
 32.16414122      0.05207606
 32.18968859      0.05317696
 32.21523596      0.05441397
 32.24078334      0.05578800
 32.26633071      0.05729980
 32.29187808      0.05895050
 32.31742545      0.06074185
 32.34297282      0.06267418
 32.36852020      0.06475112
 32.39406757      0.06697300
 32.41961494      0.06934052
 32.44516231      0.07185828
 32.47070968      0.07452843
 32.49625705      0.07735023
 32.52180443      0.08033120
 32.54735180      0.08347373
 32.57289917      0.08677997
 32.59844654      0.09025390
 32.62399391      0.09390206
 32.64954129      0.09772802
 32.67508866      0.10173867
 32.70063603      0.10593845
 32.72618340      0.11033251
 32.75173077      0.11493035
 32.77727815      0.11973737
 32.80282552      0.12476254
 32.82837289      0.13001384
 32.85392026      0.13549828
 32.87946763      0.14122815
 32.90501501      0.14721048
 32.93056238      0.15345872
 32.95610975      0.15998289
 32.98165712      0.16679404
 33.00720449      0.17390897
 33.03275186      0.18133770
 33.05829924      0.18909691
 33.08384661      0.19721247
 33.10939398      0.20571666
 33.13494135      0.21452914
 33.16048872      0.22378425
 33.18603610      0.23346176
 33.21158347      0.24358424
 33.23713084      0.25417740
 33.26267821      0.26526738
 33.28822558      0.27687555
 33.31377296      0.28904019
 33.33932033      0.30178068
 33.36486770      0.31513430
 33.39041507      0.32912892
 33.41596244      0.34381269
 33.44150982      0.35919902
 33.46705719      0.37534500
 33.49260456      0.39228427
 33.51815193      0.41006437
 33.54369930      0.42873254
 33.56924667      0.44835347
 33.59479405      0.46902345
 33.62034142      0.49089305
 33.64588879      0.51434826
 33.67143616      0.54105397
 33.69698353      0.62133948
 33.72253091      0.57548091
 33.74807828      0.60514859
 33.77362565      0.63377260
 33.79917302      0.66274204
 33.82472039      0.69387546
 33.85026777      0.76540316
 33.87581514      1.25669315
 33.90136251      0.84963308
 33.92690988      0.85843082
 33.95245725      0.88700569
 33.97800462      0.92053580
 34.00355200      0.95621055
 34.02909937      0.99297072
 34.05464674      1.03009932
 34.08019411      1.06694201
 34.10574148      1.10278007
 34.13128886      1.13662369
 34.15683623      1.16726997
 34.18238360      1.19311127
 34.20793097      1.21058481
 34.23347834      1.21521016
 34.25902572      1.19914374
 34.28457309      1.15042254
 34.31012046      1.08432613
 34.33566783      1.46340318
 34.36121520      2.35767072
 34.38676258      2.27683511
 34.41230995      2.14638150
 34.43785732      2.07074490
 34.46340469      2.02653071
 34.48895206      1.99727884
 34.51449943      1.97459440
 34.54004681      1.95399227
 34.56559418      1.93301759
 34.59114155      1.91029479
