  0.00000000      0.02376164
  0.05995743      0.02427692
  0.11991486      0.02431339
  0.17987229      0.02436125
  0.23982972      0.02451356
  0.29978715      0.02473730
  0.35974458      0.02495770
  0.41970201      0.02520382
  0.47965944      0.02549370
  0.53961687      0.02579316
  0.59957430      0.02611121
  0.65953173      0.02644019
  0.71948916      0.02677504
  0.77944659      0.02711849
  0.83940402      0.02745689
  0.89936145      0.02779003
  0.95931888      0.02812116
  1.01927631      0.02844508
  1.07923374      0.02875901
  1.13919117      0.02906536
  1.19914860      0.02936017
  1.25910603      0.02964108
  1.31906346      0.02990939
  1.37902090      0.03016953
  1.43897833      0.03040652
  1.49893576      0.03063647
  1.55889319      0.03085643
  1.61885062      0.03106032
  1.67880805      0.03125044
  1.73876548      0.03143178
  1.79872291      0.03160393
  1.85868034      0.03176075
  1.91863777      0.03191090
  1.97859520      0.03204815
  2.03855263      0.03217539
  2.09851006      0.03229309
  2.15846749      0.03240316
  2.21842492      0.03250515
  2.27838235      0.03259852
  2.33833978      0.03268551
  2.39829721      0.03276436
  2.45825464      0.03283694
  2.51821207      0.03290162
  2.57816950      0.03296107
  2.63812693      0.03301245
  2.69808436      0.03306112
  2.75804179      0.03310221
  2.81799922      0.03313941
  2.87795665      0.03317104
  2.93791408      0.03319824
  2.99787151      0.03322080
  3.05782894      0.03324092
  3.11778637      0.03325427
  3.17774380      0.03326581
  3.23770123      0.03327144
  3.29765866      0.03327451
  3.35761609      0.03327394
  3.41757352      0.03326975
  3.47753095      0.03326306
  3.53748838      0.03325300
  3.59744581      0.03324029
  3.65740324      0.03322552
  3.71736067      0.03320688
  3.77731810      0.03318604
  3.83727553      0.03316224
  3.89723296      0.03313634
  3.95719039      0.03310757
  4.01714782      0.03307718
  4.07710525      0.03304518
  4.13706269      0.03300971
  4.19702012      0.03297281
  4.25697755      0.03293405
  4.31693498      0.03289353
  4.37689241      0.03285039
  4.43684984      0.03280731
  4.49680727      0.03276063
  4.55676470      0.03271215
  4.61672213      0.03266283
  4.67667956      0.03261219
  4.73663699      0.03255879
  4.79659442      0.03250579
  4.85655185      0.03244914
  4.91650928      0.03239074
  4.97646671      0.03233298
  5.03642414      0.03227403
  5.09638157      0.03220911
  5.15633900      0.03214650
  5.21629643      0.03208395
  5.27625386      0.03201645
  5.33621129      0.03194920
  5.39616872      0.03188143
  5.45612615      0.03181110
  5.51608358      0.03174081
  5.57604101      0.03166847
  5.63599844      0.03159493
  5.69595587      0.03152063
  5.75591330      0.03144445
  5.81587073      0.03136667
  5.87582816      0.03128817
  5.93578559      0.03120835
  5.99574302      0.03112776
  6.05570045      0.03104582
  6.11565788      0.03096201
  6.17561531      0.03087712
  6.23557274      0.03079099
  6.29553017      0.03070368
  6.35548760      0.03061424
  6.41544503      0.03052487
  6.47540246      0.03043410
  6.53535989      0.03034231
  6.59531732      0.03024785
  6.65527475      0.03015267
  6.71523218      0.03005608
  6.77518961      0.02995805
  6.83514704      0.02985882
  6.89510448      0.02975735
  6.95506191      0.02965528
  7.01501934      0.02955219
  7.07497677      0.02944649
  7.13493420      0.02933984
  7.19489163      0.02923117
  7.25484906      0.02912110
  7.31480649      0.02900935
  7.37476392      0.02889631
  7.43472135      0.02878051
  7.49467878      0.02866404
  7.55463621      0.02854546
  7.61459364      0.02842446
  7.67455107      0.02830188
  7.73450850      0.02817739
  7.79446593      0.02805113
  7.85442336      0.02792320
  7.91438079      0.02779352
  7.97433822      0.02766096
  8.03429565      0.02752733
  8.09425308      0.02739038
  8.15421051      0.02725380
  8.21416794      0.02711414
  8.27412537      0.02697282
  8.33408280      0.02683092
  8.39404023      0.02668695
  8.45399766      0.02654245
  8.51395509      0.02639747
  8.57391252      0.02625255
  8.63386995      0.02610850
  8.69382738      0.02596648
  8.75378481      0.02582766
  8.81374224      0.02569344
  8.87369967      0.02556574
  8.93365710      0.02544866
  8.99361453      0.02534505
  9.05357196      0.02526101
  9.11352939      0.02520287
  9.17348682      0.02518073
  9.23344425      0.02520692
  9.29340168      0.02530179
  9.35335911      0.02549144
  9.41331654      0.02581520
  9.47327397      0.02632886
  9.53323140      0.02712100
  9.59318884      0.02832515
  9.65314627      0.03015747
  9.71310370      0.03297668
  9.77306113      0.03739411
  9.83301856      0.04450700
  9.89297599      0.05634827
  9.95293342      0.07675336
 10.01289085      0.11257002
 10.07284828      0.17222363
 10.13280571      0.24752585
 10.19276314      0.28350447
 10.25272057      0.24953802
 10.31267800      0.19401495
 10.37263543      0.14979595
 10.43259286      0.11970753
 10.49255029      0.09956448
 10.55250772      0.08576949
 10.61246515      0.07603000
 10.67242258      0.06895760
 10.73238001      0.06370346
 10.79233744      0.05973575
 10.85229487      0.05671304
 10.91225230      0.05441023
 10.97220973      0.05267665
 11.03216716      0.05141057
 11.09212459      0.05054164
 11.15208202      0.05002305
 11.21203945      0.04982468
 11.27199688      0.04992799
 11.33195431      0.05032732
 11.39191174      0.05102574
 11.45186917      0.05204251
 11.51182660      0.05340908
 11.57178403      0.05517210
 11.63174146      0.05739516
 11.69169889      0.06016124
 11.75165632      0.06356986
 11.81161375      0.06775099
 11.87157118      0.07286059
 11.93152861      0.07909758
 11.99148604      0.08671054
 12.05144347      0.09601530
 12.11140090      0.10741589
 12.17135833      0.12143439
 12.23131576      0.13876990
 12.29127319      0.16019062
 12.35123063      0.18687232
 12.41118806      0.22054762
 12.47114549      0.26327419
 12.53110292      0.31804690
 12.59106035      0.38915530
 12.65101778      0.48290329
 12.71097521      0.60888404
 12.77093264      0.78229567
 12.83089007      1.02839742
 12.89084750      1.39157685
 12.95080493      1.95508588
 13.01076236      2.88687276
 13.07071979      4.55006233
 13.13067722      7.73558243
 13.19063465     13.55173431
 13.25059208     18.69383301
 13.31054951     14.34980025
 13.37050694      8.02448832
 13.43046437      4.52149323
 13.49042180      2.75860862
 13.55037923      1.81303884
 13.61033666      1.26498484
 13.67029409      0.92560293
 13.73025152      0.70396085
 13.79020895      0.55291417
 13.85016638      0.44635653
 13.91012381      0.36900980
 13.97008124      0.31150114
 14.03003867      0.26785783
 14.08999610      0.23413989
 14.14995353      0.20767717
 14.20991096      0.18661493
 14.26986839      0.16963865
 14.32982582      0.15579607
 14.38978325      0.14439143
 14.44974068      0.13490186
 14.50969811      0.12693469
 14.56965554      0.12019100
 14.62961297      0.11443733
 14.68957040      0.10949456
 14.74952783      0.10521746
 14.80948526      0.10149320
 14.86944269      0.09823030
 14.92940012      0.09535951
 14.98935755      0.09281580
 15.04931498      0.09055359
 15.10927242      0.08853018
 15.16922985      0.08671358
 15.22918728      0.08507708
 15.28914471      0.08359540
 15.34910214      0.08225010
 15.40905957      0.08102456
 15.46901700      0.07990414
 15.52897443      0.07887745
 15.58893186      0.07793376
 15.64888929      0.07706473
 15.70884672      0.07626183
 15.76880415      0.07551924
 15.82876158      0.07483094
 15.88871901      0.07419168
 15.94867644      0.07359715
 16.00863387      0.07304329
 16.06859130      0.07252730
 16.12854873      0.07204565
 16.18850616      0.07159699
 16.24846359      0.07117696
 16.30842102      0.07078398
 16.36837845      0.07041579
 16.42833588      0.07007207
 16.48829331      0.06974941
 16.54825074      0.06944755
 16.60820817      0.06916565
 16.66816560      0.06890187
 16.72812303      0.06865470
 16.78808046      0.06842365
 16.84803789      0.06820810
 16.90799532      0.06800707
 16.96795275      0.06781881
 17.02791018      0.06764422
 17.08786761      0.06748157
 17.14782504      0.06733071
 17.20778247      0.06719093
 17.26773990      0.06706165
 17.32769733      0.06694188
 17.38765476      0.06683138
 17.44761219      0.06672935
 17.50756962      0.06663526
 17.56752705      0.06654942
 17.62748448      0.06646971
 17.68744191      0.06639768
 17.74739934      0.06633075
 17.80735677      0.06627018
 17.86731421      0.06621470
 17.92727164      0.06616582
 17.98722907      0.06611710
 18.04718650      0.06607436
 18.10714393      0.06603673
 18.16710136      0.06600232
 18.22705879      0.06596572
 18.28701622      0.06593544
 18.34697365      0.06590731
 18.40693108      0.06588074
 18.46688851      0.06585677
 18.52684594      0.06583425
 18.58680337      0.06581289
 18.64676080      0.06579242
 18.70671823      0.06577353
 18.76667566      0.06575503
 18.82663309      0.06573823
 18.88659052      0.06572219
 18.94654795      0.06570730
 19.00650538      0.06569314
 19.06646281      0.06567986
 19.12642024      0.06566692
 19.18637767      0.06565506
 19.24633510      0.06564370
 19.30629253      0.06563241
 19.36624996      0.06562290
 19.42620739      0.06561128
 19.48616482      0.06560288
 19.54612225      0.06559451
 19.60607968      0.06558571
 19.66603711      0.06557754
 19.72599454      0.06556944
 19.78595197      0.06556145
 19.84590940      0.06555359
 19.90586683      0.06554600
 19.96582426      0.06553857
 20.02578169      0.06553058
 20.08573912      0.06552171
 20.14569655      0.06551154
 20.20565398      0.06550117
 20.26561141      0.06548900
 20.32556884      0.06547575
 20.38552627      0.06546084
 20.44548370      0.06544350
 20.50544113      0.06542394
 20.56539857      0.06540050
 20.62535600      0.06537429
 20.68531343      0.06534355
 20.74527086      0.06530834
 20.80522829      0.06526754
 20.86518572      0.06522096
 20.92514315      0.06516759
 20.98510058      0.06510676
 21.04505801      0.06503794
 21.10501544      0.06496274
 21.16497287      0.06488070
 21.22493030      0.06479308
 21.28488773      0.06470850
 21.34484516      0.06463718
 21.40480259      0.06460830
 21.46476002      0.06468047
 21.52471745      0.06499777
 21.58467488      0.06593028
 21.64463231      0.06860550
 21.70458974      0.07737508
 21.76454717      0.11779131
 21.82450460      0.40050026
 21.88446203      0.24955211
 21.94441946      0.12898968
 22.00437689      0.09953130
 22.06433432      0.08814895
 22.12429175      0.08249889
 22.18424918      0.07930818
 22.24420661      0.07747236
 22.30416404      0.07667709
 22.36412147      0.07717519
 22.42407890      0.08012043
 22.48403633      0.08941134
 22.54399376      0.13011404
 22.60395119      0.62927020
 22.66390862      0.29925531
 22.72386605      0.13259171
 22.78382348      0.10995787
 22.84378091      0.18772190
 22.90373834      0.73190596
 22.96369577      0.18812043
 23.02365320      0.14025677
 23.08361063      0.12884037
 23.14356806      0.12789315
 23.20352549      0.13248593
 23.26348292      0.13895087
 23.32344036      0.14258461
 23.38339779      0.14339967
 23.44335522      0.14214956
 23.50331265      0.13892389
 23.56327008      0.13466168
 23.62322751      0.13051886
 23.68318494      0.12723442
 23.74314237      0.12511590
 23.80309980      0.12425080
 23.86305723      0.12466348
 23.92301466      0.12640083
 23.98297209      0.12956900
 24.04292952      0.13431948
 24.10288695      0.14083888
 24.16284438      0.14939156
 24.22280181      0.16062367
 24.28275924      0.17613421
 24.34271667      0.19914608
 24.40267410      0.23580739
 24.46263153      0.29909305
 24.52258896      0.42179426
 24.58254639      0.71031998
 24.64250382      1.70239767
 24.70246125      9.09741550
 24.76241868     10.23730241
 24.82237611      1.56905506
 24.88233354      0.60278819
 24.94229097      0.33524856
 25.00224840      0.22708468
 25.06220583      0.17351930
 25.12216326      0.14335667
 25.18212069      0.12475028
 25.24207812      0.11240914
 25.30203555      0.10370314
 25.36199298      0.09723907
 25.42195041      0.09226538
 25.48190784      0.08839907
 25.54186527      0.08544030
 25.60182270      0.08328212
 25.66178013      0.08182803
 25.72173756      0.08097737
 25.78169499      0.08062355
 25.84165242      0.08066329
 25.90160985      0.08100276
 25.96156728      0.08155730
 26.02152471      0.08225167
 26.08148215      0.08301581
 26.14143958      0.08378350
 26.20139701      0.08450731
 26.26135444      0.08514638
 26.32131187      0.08568090
 26.38126930      0.08610652
 26.44122673      0.08643750
 26.50118416      0.08669675
 26.56114159      0.08691133
 26.62109902      0.08710947
 26.68105645      0.08731024
 26.74101388      0.08753183
 26.80097131      0.08778059
 26.86092874      0.08806200
 26.92088617      0.08837992
 26.98084360      0.08874288
 27.04080103      0.08915977
 27.10075846      0.08964935
 27.16071589      0.09023551
 27.22067332      0.09094632
 27.28063075      0.09181388
 27.34058818      0.09287512
 27.40054561      0.09416856
 27.46050304      0.09573937
 27.52046047      0.09763287
 27.58041790      0.09991323
 27.64037533      0.10265033
 27.70033276      0.10593242
 27.76029019      0.10986921
 27.82024762      0.11460124
 27.88020505      0.12031133
 27.94016248      0.12722342
 28.00011991      0.13563808
 28.06007734      0.14594168
 28.12003477      0.15864987
 28.17999220      0.17444499
 28.23994963      0.19426414
 28.29990706      0.21940335
 28.35986449      0.25167370
 28.41982192      0.29372734
 28.47977935      0.34950680
 28.53973678      0.42506006
 28.59969421      0.53008902
 28.65965164      0.68073641
 28.71960907      0.90504796
 28.77956651      1.25369351
 28.83952394      1.81996121
 28.89948137      2.76527105
 28.95943880      4.26708853
 29.01939623      5.99892811
 29.07935366      6.39215429
 29.13931109      4.99975381
 29.19926852      3.41835256
 29.25922595      2.33578754
 29.31918338      1.66624231
 29.37914081      1.24719920
 29.43909824      0.97430229
 29.49905567      0.78881144
 29.55901310      0.65770881
 29.61897053      0.56180059
 29.67892796      0.48953155
 29.73888539      0.43364995
 29.79884282      0.38946656
 29.85880025      0.35384744
 29.91875768      0.32464900
 29.97871511      0.30037423
 30.03867254      0.27996635
 30.09862997      0.26265234
 30.15858740      0.24787660
 30.21854483      0.23520876
 30.27850226      0.22435153
 30.33845969      0.21506641
 30.39841712      0.20716873
 30.45837455      0.20052068
 30.51833198      0.19501554
 30.57828941      0.19057871
 30.63824684      0.18715745
 30.69820427      0.18472845
 30.75816170      0.18330003
 30.81811913      0.18291590
 30.87807656      0.18365221
 30.93803399      0.18594577
 30.99799142      0.20064207
 31.05794885      0.20085435
 31.11790628      0.21153762
 31.17786371      0.23055778
 31.23782114      0.26630808
 31.29777857      0.34924927
 31.35773600      0.67035947
 31.41769343      5.65020136
 31.47765086      1.74477706
 31.53760830      0.58374158
 31.59756573      0.18257365
 31.65752316      0.11902483
 31.71748059      0.11075639
 31.77743802      0.11475505
 31.83739545      0.12439639
 31.89735288      0.14159827
 31.95731031      0.17395237
 32.01726774      0.21907640
 32.07722517      0.23361287
 32.13718260      0.22725371
 32.19714003      0.23376160
 32.25709746      0.26416331
 32.31705489      0.34103542
 32.37701232      0.54918753
 32.43696975      0.93938675
 32.49692718      0.47444152
 32.55688461      0.20582874
 32.61684204      0.14255029
 32.67679947      0.12517522
 32.73675690      0.12064164
 32.79671433      0.12060225
 32.85667176      0.12241216
 32.91662919      0.12509130
 32.97658662      0.12820009
 33.03654405      0.13148082
 33.09650148      0.13472392
 33.15645891      0.13780091
 33.21641634      0.14076248
 33.27637377      0.14378100
 33.33633120      0.14699313
 33.39628863      0.15047724
 33.45624606      0.15424730
 33.51620349      0.15832326
 33.57616092      0.16271698
 33.63611835      0.16745429
 33.69607578      0.17258375
 33.75603321      0.17816987
 33.81599064      0.18429488
 33.87594807      0.19107940
 33.93590550      0.19867944
 33.99586293      0.20732532
 34.05582036      0.21734820
 34.11577779      0.22926486
 34.17573522      0.24393382
 34.23569265      0.26288649
 34.29565009      0.28916994
 34.35560752      0.32965655
 34.41556495      0.40369994
 34.47552238      0.59368221
 34.53547981      7.32777360
 34.59543724     -0.36611155
