  0.00000000     -0.00148482
  0.05976128     -0.00143859
  0.11952256     -0.00129954
  0.17928384     -0.00107248
  0.23904512     -0.00076590
  0.29880640     -0.00037114
  0.35856768      0.00008283
  0.41832896      0.00060156
  0.47809024      0.00116021
  0.53785151      0.00177986
  0.59761279      0.00239836
  0.65737407      0.00306256
  0.71713535      0.00374536
  0.77689663      0.00440141
  0.83665791      0.00507416
  0.89641919      0.00576505
  0.95618047      0.00641956
  1.01594175      0.00703862
  1.07570303      0.00766518
  1.13546431      0.00829575
  1.19522559      0.00888651
  1.25498687      0.00942508
  1.31474815      0.00994500
  1.37450943      0.01047281
  1.43427071      0.01099250
  1.49403198      0.01146975
  1.55379326      0.01189533
  1.61355454      0.01229425
  1.67331582      0.01269606
  1.73307710      0.01310437
  1.79283838      0.01349620
  1.85259966      0.01384679
  1.91236094      0.01415326
  1.97212222      0.01443630
  2.03188350      0.01472159
  2.09164478      0.01501917
  2.15140606      0.01531741
  2.21116734      0.01559394
  2.27092862      0.01583333
  2.33068990      0.01603823
  2.39045118      0.01622683
  2.45021245      0.01642019
  2.50997373      0.01662877
  2.56973501      0.01684696
  2.62949629      0.01705774
  2.68925757      0.01724393
  2.74901885      0.01739848
  2.80878013      0.01752826
  2.86854141      0.01764975
  2.92830269      0.01777979
  2.98806397      0.01792676
  3.04782525      0.01808691
  3.10758653      0.01824706
  3.16734781      0.01839182
  3.22710909      0.01851150
  3.28687037      0.01860666
  3.34663165      0.01868752
  3.40639292      0.01876888
  3.46615420      0.01886311
  3.52591548      0.01897476
  3.58567676      0.01909894
  3.64543804      0.01922408
  3.70519932      0.01933739
  3.76496060      0.01943055
  3.82472188      0.01950323
  3.88448316      0.01956299
  3.94424444      0.01962173
  4.00400572      0.01969055
  4.06376700      0.01977517
  4.12352828      0.01987384
  4.18328956      0.01997850
  4.24305084      0.02007850
  4.30281212      0.02016523
  4.36257339      0.02023567
  4.42233467      0.02029351
  4.48209595      0.02034737
  4.54185723      0.02040691
  4.60161851      0.02047871
  4.66137979      0.02056356
  4.72114107      0.02065634
  4.78090235      0.02074852
  4.84066363      0.02083222
  4.90042491      0.02090391
  4.96018619      0.02096616
  5.01994747      0.02102669
  5.07970875      0.02109480
  5.13947003      0.02117691
  5.19923131      0.02127310
  5.25899259      0.02137647
  5.31875386      0.02147595
  5.37851514      0.02156139
  5.43827642      0.02162899
  5.49803770      0.02168439
  5.55779898      0.02174160
  5.61756026      0.02181762
  5.67732154      0.02192457
  5.73708282      0.02206277
  5.79684410      0.02221829
  5.85660538      0.02236704
  5.91636666      0.02248462
  5.97612794      0.02255839
  6.03588922      0.02259618
  6.09565050      0.02262678
  6.15541178      0.02269020
  6.21517306      0.02282014
  6.27493433      0.02302591
  6.33469561      0.02328281
  6.39445689      0.02353789
  6.45421817      0.02373164
  6.51397945      0.02382763
  6.57374073      0.02383661
  6.63350201      0.02382075
  6.69326329      0.02387085
  6.75302457      0.02406241
  6.81278585      0.02441013
  6.87254713      0.02484720
  6.93230841      0.02524780
  6.99206969      0.02549006
  7.05183097      0.02553104
  7.11159225      0.02545018
  7.17135353      0.02542506
  7.23111480      0.02563647
  7.29087608      0.02614771
  7.35063736      0.02683664
  7.41039864      0.02744473
  7.47015992      0.02773842
  7.52992120      0.02769061
  7.58968248      0.02754584
  7.64944376      0.02768128
  7.70920504      0.02831960
  7.76896632      0.02930476
  7.82872760      0.03016810
  7.88848888      0.03050543
  7.94825016      0.03038210
  8.00801144      0.03035993
  8.06777272      0.03100120
  8.12753400      0.03225073
  8.18729527      0.03339317
  8.24705655      0.03379843
  8.30681783      0.03372152
  8.36657911      0.03412286
  8.42634039      0.03549574
  8.48610167      0.03711485
  8.54586295      0.03788953
  8.60562423      0.03787711
  8.66538551      0.03834350
  8.72514679      0.04007814
  8.78490807      0.04226786
  8.84466935      0.04359999
  8.90443063      0.04399762
  8.96419191      0.04454129
  9.02395319      0.04591399
  9.08371447      0.04786375
  9.14347574      0.05018689
  9.20323702      0.05276838
  9.26299830      0.05427260
  9.32275958      0.05296890
  9.38252086      0.05092973
  9.44228214      0.05382794
  9.50204342      0.05948691
  9.56180470      0.05285140
  9.62156598      0.02722227
  9.68132726     -0.01154915
  9.74108854     -0.19979249
  9.80084982     -1.48352357
  9.86061110     -0.94252933
  9.92037238     -0.23137825
  9.98013366      0.00775407
 10.03989494      0.12122766
 10.09965621      0.18613981
 10.15941749      0.22658245
 10.21917877      0.25256803
 10.27894005      0.26911987
 10.33870133      0.27910413
 10.39846261      0.28431496
 10.45822389      0.28595694
 10.51798517      0.28488452
 10.57774645      0.28173147
 10.63750773      0.27698554
 10.69726901      0.27103408
 10.75703029      0.26419303
 10.81679157      0.25672660
 10.87655285      0.24886023
 10.93631413      0.24078978
 10.99607541      0.23268926
 11.05583668      0.22471616
 11.11559796      0.21701576
 11.17535924      0.20972496
 11.23512052      0.20297572
 11.29488180      0.19689847
 11.35464308      0.19162557
 11.41440436      0.18729516
 11.47416564      0.18405560
 11.53392692      0.18207088
 11.59368820      0.18152736
 11.65344948      0.18264250
 11.71321076      0.18567629
 11.77297204      0.19094685
 11.83273332      0.19885182
 11.89249460      0.20989849
 11.95225588      0.22474718
 12.01201715      0.24427502
 12.07177843      0.26967204
 12.13153971      0.30259005
 12.19130099      0.34538045
 12.25106227      0.40148747
 12.31082355      0.47612468
 12.37058483      0.57749518
 12.43034611      0.71912041
 12.49010739      0.92457871
 12.54986867      1.23796239
 12.60962995      1.74947776
 12.66939123      2.66677051
 12.72915251      4.55136093
 12.78891379      9.35577395
 12.84867507     18.70790521
 12.90843635     26.76821781
 12.96819763     12.31144900
 13.02795890      5.25776480
 13.08772018      2.67208349
 13.14748146      1.54547975
 13.20724274      0.97375515
 13.26700402      0.65000935
 13.32676530      0.45160397
 13.38652658      0.32269404
 13.44628786      0.23515415
 13.50604914      0.17365824
 13.56581042      0.12931248
 13.62557170      0.09668390
 13.68533298      0.07230919
 13.74509426      0.05389971
 13.80485554      0.03989570
 13.86461682      0.02920540
 13.92437810      0.02104649
 13.98413937      0.01484670
 14.04390065      0.01017959
 14.10366193      0.00672214
 14.16342321      0.00422600
 14.22318449      0.00249767
 14.28294577      0.00138459
 14.34270705      0.00076513
 14.40246833      0.00054143
 14.46222961      0.00063405
 14.52199089      0.00097804
 14.58175217      0.00151995
 14.64151345      0.00221554
 14.70127473      0.00302803
 14.76103601      0.00392677
 14.82079729      0.00488615
 14.88055857      0.00588472
 14.94031984      0.00690459
 15.00008112      0.00793079
 15.05984240      0.00895092
 15.11960368      0.00995470
 15.17936496      0.01093376
 15.23912624      0.01188139
 15.29888752      0.01279169
 15.35864880      0.01366045
 15.41841008      0.01448530
 15.47817136      0.01526368
 15.53793264      0.01599415
 15.59769392      0.01667601
 15.65745520      0.01730914
 15.71721648      0.01789395
 15.77697776      0.01843127
 15.83673904      0.01892233
 15.89650031      0.01936862
 15.95626159      0.01977188
 16.01602287      0.02013485
 16.07578415      0.02045791
 16.13554543      0.02074426
 16.19530671      0.02099646
 16.25506799      0.02121675
 16.31482927      0.02140750
 16.37459055      0.02157117
 16.43435183      0.02171023
 16.49411311      0.02182710
 16.55387439      0.02192421
 16.61363567      0.02200390
 16.67339695      0.02206847
 16.73315823      0.02212011
 16.79291951      0.02216091
 16.85268078      0.02219285
 16.91244206      0.02221776
 16.97220334      0.02223734
 17.03196462      0.02225315
 17.09172590      0.02226659
 17.15148718      0.02227891
 17.21124846      0.02229122
 17.27100974      0.02230449
 17.33077102      0.02231956
 17.39053230      0.02233717
 17.45029358      0.02235793
 17.51005486      0.02238234
 17.56981614      0.02241080
 17.62957742      0.02244361
 17.68933870      0.02248096
 17.74909998      0.02252294
 17.80886125      0.02256951
 17.86862253      0.02262057
 17.92838381      0.02267587
 17.98814509      0.02273501
 18.04790637      0.02279717
 18.10766765      0.02286105
 18.16742893      0.02293073
 18.22719021      0.02300529
 18.28695149      0.02308063
 18.34671277      0.02315696
 18.40647405      0.02323415
 18.46623533      0.02331179
 18.52599661      0.02338937
 18.58575789      0.02346635
 18.64551917      0.02354220
 18.70528045      0.02361641
 18.76504172      0.02368852
 18.82480300      0.02375816
 18.88456428      0.02382499
 18.94432556      0.02388870
 19.00408684      0.02394887
 19.06384812      0.02400448
 19.12360940      0.02404406
 19.18337068      0.02410428
 19.24313196      0.02415175
 19.30289324      0.02419061
 19.36265452      0.02422412
 19.42241580      0.02425265
 19.48217708      0.02427668
 19.54193836      0.02429678
 19.60169964      0.02431340
 19.66146092      0.02432672
 19.72122219      0.02433649
 19.78098347      0.02434179
 19.84074475      0.02434167
 19.90050603      0.02433531
 19.96026731      0.02432261
 20.02002859      0.02430449
 20.07978987      0.02428301
 20.13955115      0.02426095
 20.19931243      0.02424104
 20.25907371      0.02422504
 20.31883499      0.02421287
 20.37859627      0.02420224
 20.43835755      0.02418903
 20.49811883      0.02416834
 20.55788011      0.02413611
 20.61764139      0.02409071
 20.67740266      0.02403402
 20.73716394      0.02397144
 20.79692522      0.02391063
 20.85668650      0.02385900
 20.91644778      0.02382038
 20.97620906      0.02379159
 21.03597034      0.02375927
 21.09573162      0.02369992
 21.15549290      0.02358266
 21.21525418      0.02337975
 21.27501546      0.02308829
 21.33477674      0.02276002
 21.39453802      0.02248507
 21.45429930      0.02224557
 21.51406058      0.02170219
 21.57382186      0.02183328
 21.63358313      0.07166169
 21.69334441      0.20554650
 21.75310569      0.11148142
 21.81286697      0.08609336
 21.87262825      0.07619692
 21.93238953      0.07179114
 21.99215081      0.07024970
 22.05191209      0.07037328
 22.11167337      0.07113442
 22.17143465      0.07172736
 22.23119593      0.07256038
 22.29095721      0.07687752
 22.35071849      0.09256061
 22.41047977      0.13672376
 22.47024105      0.27183820
 22.53000233      0.69309607
 22.58976360      0.03249389
 22.64952488     -0.04725746
 22.70928616     -0.05558677
 22.76904744     -0.05758124
 22.82880872     -0.04860917
 22.88857000      0.04190752
 22.94833128      0.99833122
 23.00809256      0.35641496
 23.06785384      0.12736496
 23.12761512      0.06560572
 23.18737640      0.04052584
 23.24713768      0.02817804
 23.30689896      0.02155311
 23.36666024      0.01799659
 23.42642152      0.01636940
 23.48618280      0.01618736
 23.54594407      0.01730910
 23.60570535      0.01981576
 23.66546663      0.02397619
 23.72522791      0.03026722
 23.78498919      0.03945137
 23.84475047      0.05274400
 23.90451175      0.07215356
 23.96427303      0.10120490
 24.02403431      0.14662145
 24.08379559      0.22279251
 24.14355687      0.36618623
 24.20331815      0.69849848
 24.26307943      1.89676607
 24.32284071      6.95419673
 24.38260199      3.69830385
 24.44236327     13.57336612
 24.50212455      3.72808338
 24.56188582      1.10026192
 24.62164710      0.48375425
 24.68140838      0.25581204
 24.74116966      0.14879657
 24.80093094      0.09112784
 24.86069222      0.05730166
 24.92045350      0.03640044
 24.98021478      0.02311432
 25.03997606      0.01460478
 25.09973734      0.00923881
 25.15949862      0.00601966
 25.21925990      0.00430822
 25.27902118      0.00367718
 25.33878246      0.00383029
 25.39854374      0.00455561
 25.45830502      0.00569729
 25.51806629      0.00713802
 25.57782757      0.00878772
 25.63758885      0.01057615
 25.69735013      0.01244784
 25.75711141      0.01435873
 25.81687269      0.01627362
 25.87663397      0.01816446
 25.93639525      0.02000887
 25.99615653      0.02178849
 26.05591781      0.02348488
 26.11567909      0.02505091
 26.17544037      0.02637217
 26.23520165      0.02802900
 26.29496293      0.02930443
 26.35472421      0.03068501
 26.41448549      0.03189389
 26.47424676      0.03300704
 26.53400804      0.03404772
 26.59376932      0.03502913
 26.65353060      0.03596414
 26.71329188      0.03686652
 26.77305316      0.03775123
 26.83281444      0.03863441
 26.89257572      0.03953337
 26.95233700      0.04046658
 27.01209828      0.04145367
 27.07185956      0.04251546
 27.13162084      0.04367402
 27.19138212      0.04495276
 27.25114340      0.04637667
 27.31090468      0.04797253
 27.37066596      0.04977003
 27.43042723      0.05179786
 27.49018851      0.05409204
 27.54994979      0.05669031
 27.60971107      0.05963504
 27.66947235      0.06297621
 27.72923363      0.06676386
 27.78899491      0.07106537
 27.84875619      0.07595573
 27.90851747      0.08152434
 27.96827875      0.08787930
 28.02804003      0.09515348
 28.08780131      0.10351675
 28.14756259      0.11315078
 28.20732387      0.12433208
 28.26708515      0.13739140
 28.32684643      0.15276260
 28.38660770      0.17102143
 28.44636898      0.19294403
 28.50613026      0.21959622
 28.56589154      0.25247221
 28.62565282      0.29371604
 28.68541410      0.34648604
 28.74517538      0.41557565
 28.80493666      0.50851109
 28.86469794      0.63757152
 28.92445922      0.82365987
 28.98422050      1.10399426
 29.04398178      1.54730374
 29.10374306      2.28066908
 29.16350434      3.50377887
 29.22326562      5.25980973
 29.28302690      6.43562007
 29.34278817      5.45009614
 29.40254945      3.62385581
 29.46231073      2.30779927
 29.52207201      1.52700296
 29.58183329      1.06546170
 29.64159457      0.78074284
 29.70135585      0.59638715
 29.76111713      0.47165416
 29.82087841      0.38402090
 29.88063969      0.32045697
 29.94040097      0.27308484
 30.00016225      0.23694859
 30.05992353      0.20881840
 30.11968481      0.18652277
 30.17944609      0.16856098
 30.23920737      0.15387006
 30.29896864      0.14168010
 30.35872992      0.13142190
 30.41849120      0.12266656
 30.47825248      0.11508673
 30.53801376      0.10843412
 30.59777504      0.10246869
 30.65753632      0.09703912
 30.71729760      0.09200259
 30.77705888      0.08722677
 30.83682016      0.08258720
 30.89658144      0.07796138
 30.95634272      0.07402035
 31.01610400      0.06929672
 31.07586528      0.06449217
 31.13562656      0.05990060
 31.19538784      0.05572318
 31.25514911      0.05376362
 31.31491039      0.06262694
 31.37467167      0.13874108
 31.43443295      1.33049337
 31.49419423      3.62344331
 31.55395551      0.65359957
 31.61371679      0.33826714
 31.67347807      0.24449963
 31.73323935      0.20221439
 31.79300063      0.17918277
 31.85276191      0.16552263
 31.91252319      0.15738094
 31.97228447      0.15313170
 32.03204575      0.15224777
 32.09180703      0.15501990
 32.15156831      0.16276859
 32.21132958      0.17877753
 32.27109086      0.21114359
 32.33085214      0.28215875
 32.39061342      0.46154693
 32.45037470      0.89888827
 32.51013598      0.95935595
 32.56989726      0.49729488
 32.62965854      0.29419684
 32.68941982      0.21429891
 32.74918110      0.17751741
 32.80894238      0.15827999
 32.86870366      0.14730862
 32.92846494      0.14068619
 32.98822622      0.13654587
 33.04798750      0.13391985
 33.10774878      0.13228942
 33.16751005      0.13138986
 33.22727133      0.13110919
 33.28703261      0.13141445
 33.34679389      0.13228272
 33.40655517      0.13364182
 33.46631645      0.13533807
 33.52607773      0.13715059
 33.58583901      0.13889633
 33.64560029      0.14069124
 33.70536157      0.14316363
 33.76512285      0.14695515
 33.82488413      0.15194721
 33.88464541      0.15756198
 33.94440669      0.16340277
 34.00416797      0.16935842
 34.06392925      0.17547809
 34.12369052      0.18188975
 34.18345180      0.18879040
 34.24321308      0.19651068
 34.30297436      0.20585036
 34.36273564      0.22184592
 34.42249692      0.24881995
 34.48225820      0.53753317
 34.54201948      1.72916476
 34.60178076      2.86832842
